fileExtractor/test/CTD/dfr26001.cnv
* Sea-Bird SBE 9 Data File:
* FileName = C:\SEASOFT\PIRATA-FR26\data\fr26001.hex
* Software Version Seasave V 7.23.2
* Temperature SN = 6083
* Conductivity SN = 4509
* Number of Bytes Per Scan = 34
* Number of Voltage Words = 3
* Number of Scans Averaged by the Deck Unit = 1
* NMEA Latitude = 11 27.90 N
* NMEA Longitude = 023 00.01 W
* NMEA UTC (Time) = Mar 09 2016  17:28:55
** Cruise: PIRATA-FR26
** Ship: THALASSA
** Station: 1
** Bottom Depth: 5116
** Pressure frequency switch pos 2:
** Operator: PR-YG-JG
** Comments:
# nquan = 24
# nvalues = 2022                        
# units = specified
# name 0 = scan: Scan Count
# name 1 = timeJ: Julian Days
# name 2 = prDM: Pressure, Digiquartz [db]
# name 3 = depSM: Depth [salt water, m]
# name 4 = t090C: Temperature [ITS-90, deg C]
# name 5 = t190C: Temperature, 2 [ITS-90, deg C]
# name 6 = c0S/m: Conductivity [S/m]
# name 7 = c1S/m: Conductivity, 2 [S/m]
# name 8 = sbeox0V: Oxygen raw, SBE 43 [V]
# name 9 = sbeox1V: Oxygen raw, SBE 43, 2 [V]
# name 10 = sbeox1dOV/dT: Oxygen, SBE 43, 2 [dov/dt]
# name 11 = sbeox0dOV/dT: Oxygen, SBE 43 [dov/dt]
# name 12 = flECO-AFL: Fluorescence, WET Labs ECO-AFL/FL [mg/m^3]
# name 13 = CStarTr0: Beam Transmission, WET Labs C-Star [%]
# name 14 = sbeox0Mm/Kg: Oxygen, SBE 43 [umol/kg], WS = 2
# name 15 = sbeox1Mm/Kg: Oxygen, SBE 43, 2 [umol/kg], WS = 2
# name 16 = sal00: Salinity, Practical [PSU]
# name 17 = sal11: Salinity, Practical, 2 [PSU]
# name 18 = sigma-é00: Density [sigma-theta, kg/m^3]
# name 19 = sigma-é11: Density, 2 [sigma-theta, kg/m^3]
# name 20 = svCM: Sound Velocity [Chen-Millero, m/s]
# name 21 = svCM1: Sound Velocity, 2 [Chen-Millero, m/s]
# name 22 = nbin: number of scans per bin
# name 23 = flag: flag
# span 0 =       -120,      55327       
# span 1 =  69.728357,  69.755094       
# span 2 =      2.000,   2023.000       
# span 3 =      1.988,   2001.806       
# span 4 =     3.5041,    24.7310       
# span 5 =     3.5043,    24.7305       
# span 6 =   3.295414,   5.383031       
# span 7 =   3.295439,   5.383042       
# span 8 =     0.7870,     2.6805       
# span 9 =     0.8637,     3.0820       
# span 10 =   -0.11891,    0.01238      
# span 11 =   -0.10616,    0.01256      
# span 12 =     0.5175,     2.4359      
# span 13 =    98.9169,   102.6414      
# span 14 =     37.895,    223.784      
# span 15 =     38.049,    223.785      
# span 16 =    34.8049,    35.8078      
# span 17 =    34.8054,    35.8014      
# span 18 =    24.0075,    27.8240      
# span 19 =    24.0081,    27.8241      
# span 20 =    1489.18,    1534.92      
# span 21 =    1489.18,    1534.92      
# span 22 =         11,        127      
# span 23 = 0.0000e+00, 0.0000e+00      
# interval = decibars: 1                
# start_time = Mar 09 2016 17:28:55 [System UTC, header]
# bad_flag = -9.990e-29
*END*
[from data line 846]
      25580  69.740753    848.000    841.453     6.3522     6.3522   3.491569   3.491601     1.1094     1.2314    0.00150    0.00120     0.5437   102.5106     92.901     92.232    34.8311    34.8315    27.3839    27.3842    1489.88    1489.88         23 0.0000e+00
      25610  69.740761    849.000    842.438     6.3513     6.3512   3.491481   3.491521     1.1115     1.2333    0.00089    0.00064     0.5437   102.5090     93.235     92.496    34.8306    34.8311    27.3836    27.3840    1489.90    1489.90         36 0.0000e+00
      25645  69.740784    850.000    843.420     6.3512     6.3513   3.491507   3.491562     1.1129     1.2355    0.00150    0.00161     0.5437   102.5162     93.464     92.797    34.8305    34.8310    27.3835    27.3839    1489.91    1489.91         30 0.0000e+00
      25670  69.740791    851.000    844.412     6.3493     6.3493   3.491314   3.491329     1.1129     1.2359    0.00156    0.00161     0.5437   102.5130     93.487     92.868    34.8298    34.8300    27.3833    27.3834    1489.92    1489.92         23 0.0000e+00
      25691  69.740807    852.000    845.406     6.3073     6.3072   3.487090   3.486956     1.1134     1.2365    0.00162    0.00113     0.5437   102.5223     93.680     93.069    34.8249    34.8236    27.3849    27.3839    1489.76    1489.76         20 0.0000e+00
      25712  69.740814    853.000    846.395     6.2670     6.2661   3.483085   3.482983     1.1139     1.2371    0.00108    0.00051     0.5682   102.5140     93.866     93.263    34.8209    34.8206    27.3869    27.3868    1489.62    1489.61         20 0.0000e+00
      25732  69.740822    854.000    847.381     6.2626     6.2628   3.482642   3.482716     1.1147     1.2380    0.00044    0.00023     0.5464   102.5070     94.011     93.404    34.8199    34.8204    27.3867    27.3871    1489.61    1489.62         20 0.0000e+00
      25752  69.740829    855.000    848.384     6.2629     6.2629   3.482697   3.482737     1.1150     1.2384    0.00069    0.00045     0.5422   102.5213     94.067     93.462    34.8197    34.8202    27.3865    27.3869    1489.63    1489.63         21 0.0000e+00
      25773  69.740845    856.000    849.367     6.2630     6.2630   3.482755   3.482785     1.1152     1.2393    0.00084    0.00069     0.5451   102.5081     94.104     93.594    34.8198    34.8201    27.3866    27.3869    1489.65    1489.65         21 0.0000e+00
      25795  69.740852    857.000    850.365     6.2631     6.2631   3.482811   3.482848     1.1157     1.2402    0.00081    0.00078     0.5425   102.5045     94.199     93.723    34.8198    34.8202    27.3866    27.3869    1489.67    1489.67         24 0.0000e+00
      25826  69.740868    858.000    851.352     6.2598     6.2600   3.482513   3.482577     1.1163     1.2409    0.00085    0.00032     0.5464   102.4990     94.303     93.842    34.8194    34.8198    27.3867    27.3870    1489.67    1489.67         41 0.0000e+00
      25866  69.740891    859.000    852.327     6.2475     6.2479   3.481356   3.481424     1.1173     1.2423    0.00074    0.00050     0.5571   102.5040     94.499     94.064    34.8184    34.8189    27.3876    27.3879    1489.64    1489.64         31 0.0000e+00
      25889  69.740898    860.000    853.316     6.2353     6.2353   3.480195   3.480192     1.1172     1.2425    0.00057    0.00037     0.5415   102.4893     94.532     94.134    34.8174    34.8174    27.3883    27.3883    1489.60    1489.60         18 0.0000e+00
      25905  69.740906    861.000    854.308     6.2265     6.2266   3.479349   3.479403     1.1172     1.2427    0.00092    0.00074     0.5459   102.5012     94.567     94.195    34.8165    34.8169    27.3887    27.3891    1489.58    1489.58         14 0.0000e+00
      25918  69.740913    862.000    855.308     6.2227     6.2227   3.479012   3.479068     1.1172     1.2423    0.00088    0.00072     0.5412   102.4973     94.589     94.163    34.8161    34.8167    27.3890    27.3894    1489.58    1489.59         13 0.0000e+00
      25931  69.740921    863.000    856.304     6.2151     6.2152   3.478351   3.478365     1.1172     1.2423    0.00060    0.00042     0.5436   102.4974     94.617     94.190    34.8160    34.8160    27.3898    27.3898    1489.57    1489.57         14 0.0000e+00
      25946  69.740929    864.000    857.307     6.1948     6.1950   3.476406   3.476424     1.1176     1.2427    0.00044    0.00009     0.5454   102.4974     94.732     94.313    34.8144    34.8144    27.3912    27.3912    1489.51    1489.51         17 0.0000e+00
      25979  69.740944    865.000    858.287     6.1969     6.1917   3.476643   3.476152     1.1198     1.2442    0.00003    0.00013     0.5522   102.4974     95.082     94.521    34.8144    34.8142    27.3909    27.3915    1489.53    1489.51         55 0.0000e+00
      26033  69.740967    866.000    859.259     6.1939     6.1844   3.476321   3.475405     1.1211     1.2466    0.00102    0.00151     0.5407   102.4974     95.307     94.878    34.8134    34.8128    27.3906    27.3914    1489.53    1489.50         36 0.0000e+00
      26057  69.740982    867.000    860.244     6.1754     6.1760   3.474597   3.474659     1.1218     1.2472    0.00150    0.00116     0.5671   102.4974     95.471     94.985    34.8125    34.8126    27.3922    27.3923    1489.48    1489.48         19 0.0000e+00
      26073  69.740990    868.000    861.240     6.1711     6.1711   3.474318   3.474384     1.1227     1.2476    0.00104    0.00042     0.5537   102.4974     95.627     95.066    34.8133    34.8140    27.3934    27.3940    1489.48    1489.48         15 0.0000e+00
      26087  69.740997    869.000    862.243     6.1759     6.1759   3.475174   3.475231     1.1239     1.2484    0.00092    0.00011     0.5436   102.4974     95.811     95.170    34.8174    34.8180    27.3961    27.3966    1489.52    1489.52         13 0.0000e+00
      26101  69.741005    870.000    863.240     6.1723     6.1724   3.474904   3.474963     1.1253     1.2497    0.00078    0.00037     0.5416   102.4955     96.046     95.354    34.8176    34.8182    27.3967    27.3972    1489.52    1489.52         15 0.0000e+00
      26119  69.741013    871.000    864.237     6.1818     6.1817   3.476264   3.476342     1.1272     1.2511    0.00061    0.00081     0.5373   102.4882     96.333     95.533    34.8226    34.8236    27.3995    27.4003    1489.58    1489.58         23 0.0000e+00
      26158  69.741028    872.000    865.209     6.1909     6.1933   3.477232   3.477627     1.1302     1.2550    0.00152    0.00207     0.5525   102.4846     96.772     96.027    34.8237    34.8257    27.3992    27.4004    1489.63    1489.65         52 0.0000e+00
      26198  69.741051    873.000    866.185     6.1948     6.1946   3.477793   3.477840     1.1318     1.2579    0.00242    0.00232     0.5473   102.4958     97.028     96.418    34.8256    34.8263    27.4002    27.4007    1489.67    1489.67         23 0.0000e+00
      26215  69.741058    874.000    867.175     6.1947     6.1949   3.477826   3.477904     1.1319     1.2579    0.00249    0.00178     0.5436   102.4974     97.060     96.437    34.8255    34.8262    27.4001    27.4007    1489.68    1489.69         16 0.0000e+00
      26229  69.741066    875.000    868.176     6.1699     6.1712   3.475338   3.475406     1.1326     1.2587    0.00216    0.00131     0.5414   102.4974     97.236     96.617    34.8225    34.8219    27.4010    27.4003    1489.60    1489.60         13 0.0000e+00
      26242  69.741066    876.000    869.177     6.1627     6.1627   3.474636   3.474698     1.1328     1.2589    0.00181    0.00099     0.5436   102.4974     97.297     96.677    34.8215    34.8221    27.4011    27.4016    1489.59    1489.59         13 0.0000e+00
      26256  69.741074    877.000    870.177     6.1678     6.1679   3.475261   3.475345     1.1331     1.2599    0.00128    0.00077     0.5555   102.4974     97.339     96.800    34.8228    34.8237    27.4015    27.4022    1489.62    1489.63         15 0.0000e+00
      26277  69.741089    878.000    871.164     6.1712     6.1715   3.475696   3.475796     1.1338     1.2608    0.00082    0.00057     0.5568   102.4974     97.455     96.922    34.8237    34.8245    27.4018    27.4024    1489.66    1489.66         30 0.0000e+00
      26319  69.741104    879.000    872.137     6.1647     6.1672   3.475052   3.475334     1.1353     1.2624    0.00105    0.00061     0.5505   102.4974     97.721     97.166    34.8227    34.8233    27.4018    27.4020    1489.64    1489.66         47 0.0000e+00
      26354  69.741127    880.000    873.124     6.1009     6.1029   3.468678   3.468785     1.1364     1.2637    0.00121    0.00113     0.5700   102.4974     98.060     97.519    34.8158    34.8151    27.4046    27.4037    1489.40    1489.41         25 0.0000e+00
      26376  69.741135    881.000    874.117     6.0906     6.0909   3.467751   3.467804     1.1378     1.2648    0.00086    0.00073     0.5521   102.4974     98.309     97.702    34.8154    34.8158    27.4056    27.4058    1489.38    1489.38         21 0.0000e+00
      26396  69.741142    882.000    875.112     6.0864     6.0865   3.467396   3.467434     1.1386     1.2659    0.00060    0.00050     0.5589   102.4974     98.467     97.876    34.8153    34.8157    27.4060    27.4063    1489.38    1489.38         20 0.0000e+00
      26417  69.741150    883.000    876.103     6.0820     6.0819   3.466971   3.466968     1.1395     1.2672    0.00099    0.00099     0.5582   102.4974     98.628     98.070    34.8146    34.8146    27.4060    27.4060    1489.37    1489.37         21 0.0000e+00
      26438  69.741165    884.000    877.092     6.0630     6.0630   3.465153   3.465163     1.1405     1.2680    0.00121    0.00134     0.5539   102.4974     98.833     98.241    34.8131    34.8132    27.4073    27.4073    1489.31    1489.31         21 0.0000e+00
      26459  69.741173    885.000    878.085     6.0509     6.0509   3.463976   3.463998     1.1420     1.2689    0.00143    0.00112     0.5671   102.4974     99.117     98.400    34.8117    34.8120    27.4077    27.4079    1489.28    1489.28         22 0.0000e+00
      26484  69.741188    886.000    879.075     6.0458     6.0459   3.463518   3.463573     1.1432     1.2703    0.00124    0.00107     0.5579   102.4974     99.326     98.609    34.8113    34.8118    27.4081    27.4084    1489.28    1489.28         28 0.0000e+00
      26513  69.741203    887.000    880.060     6.0425     6.0428   3.463252   3.463311     1.1444     1.2719    0.00099    0.00137     0.5556   102.4974     99.535     98.844    34.8112    34.8116    27.4083    27.4086    1489.28    1489.28         28 0.0000e+00
      26539  69.741211    888.000    881.041     6.0260     6.0262   3.461732   3.461775     1.1456     1.2732    0.00117    0.00137     0.5681   102.4974     99.772     99.081    34.8105    34.8108    27.4099    27.4101    1489.23    1489.23         24 0.0000e+00
      26561  69.741226    889.000    882.046     6.0201     6.0202   3.461219   3.461272     1.1464     1.2744    0.00142    0.00106     0.5681   102.4974     99.927     99.268    34.8103    34.8108    27.4105    27.4109    1489.22    1489.22         20 0.0000e+00
      26580  69.741234    890.000    883.032     6.0130     6.0132   3.460573   3.460624     1.1474     1.2752    0.00132    0.00099     0.5661   102.4974    100.107     99.400    34.8098    34.8102    27.4110    27.4113    1489.21    1489.21         19 0.0000e+00
      26599  69.741241    891.000    884.024     6.0065     6.0066   3.460006   3.460048     1.1480     1.2764    0.00125    0.00102     0.5665   102.4933    100.241     99.586    34.8096    34.8099    27.4117    27.4120    1489.20    1489.20         20 0.0000e+00
      26620  69.741249    892.000    885.016     5.9986     5.9986   3.459314   3.459355     1.1495     1.2780    0.00123    0.00098     0.5659   102.4912    100.505     99.832    34.8094    34.8098    27.4126    27.4129    1489.18    1489.19         22 0.0000e+00
      26644  69.741264    893.000    886.004     5.9929     5.9930   3.458877   3.458925     1.1515     1.2801    0.00116    0.00105     0.5705   102.4930    100.842    100.143    34.8098    34.8102    27.4137    27.4139    1489.18    1489.18         25 0.0000e+00
      26670  69.741272    894.000    886.991     5.9885     5.9886   3.458518   3.458566     1.1533     1.2819    0.00163    0.00125     0.5695   102.4974    101.146    100.412    34.8098    34.8102    27.4142    27.4145    1489.18    1489.18         26 0.0000e+00
      26694  69.741287    895.000    887.979     5.9839     5.9840   3.458145   3.458193     1.1549     1.2838    0.00197    0.00190     0.5583   102.4842    101.414    100.689    34.8098    34.8103    27.4148    27.4151    1489.18    1489.18         23 0.0000e+00
      26717  69.741295    896.000    888.972     5.9824     5.9824   3.458051   3.458109     1.1560     1.2853    0.00198    0.00195     0.5516   102.4975    101.606    100.906    34.8098    34.8104    27.4150    27.4155    1489.19    1489.19         23 0.0000e+00
      26741  69.741310    897.000    889.966     5.9857     5.9857   3.458598   3.458655     1.1574     1.2870    0.00170    0.00147     0.5534   102.4974    101.821    101.131    34.8121    34.8127    27.4164    27.4169    1489.22    1489.22         25 0.0000e+00
      26767  69.741325    898.000    890.954     5.9896     5.9896   3.459115   3.459186     1.1584     1.2888    0.00175    0.00146     0.5535   102.4974    101.979    101.374    34.8134    34.8142    27.4170    27.4176    1489.25    1489.25         28 0.0000e+00
      26795  69.741333    899.000    891.935     5.9917     5.9915   3.459504   3.459567     1.1594     1.2901    0.00164    0.00125     0.5495   102.4974    102.135    101.559    34.8152    34.8160    27.4181    27.4188    1489.28    1489.28         27 0.0000e+00
      26820  69.741348    900.000    892.930     5.9970     5.9970   3.460213   3.460267     1.1600     1.2907    0.00164    0.00097     0.5436   102.4974    102.232    101.628    34.8173    34.8179    27.4191    27.4196    1489.32    1489.32         23 0.0000e+00
      26841  69.741356    901.000    893.922     5.9975     5.9976   3.460299   3.460367     1.1612     1.2914    0.00132    0.00084     0.5437   102.4974    102.423    101.743    34.8172    34.8179    27.4190    27.4195    1489.34    1489.34         19 0.0000e+00
      26859  69.741364    902.000    894.910     5.9981     5.9980   3.460428   3.460470     1.1618     1.2918    0.00110    0.00088     0.5437   102.4974    102.539    101.806    34.8176    34.8181    27.4192    27.4196    1489.36    1489.36         18 0.0000e+00
      26877  69.741379    903.000    895.906     6.0035     6.0032   3.461063   3.461100     1.1622     1.2923    0.00066    0.00079     0.5437   102.4974    102.600    101.867    34.8187    34.8194    27.4195    27.4200    1489.40    1489.40         18 0.0000e+00
      26897  69.741386    904.000    896.899     6.0049     6.0050   3.461306   3.461376     1.1628     1.2934    0.00065    0.00090     0.5437   102.4974    102.690    102.025    34.8195    34.8202    27.4199    27.4204    1489.42    1489.42         22 0.0000e+00
      26923  69.741394    905.000    897.886     6.0068     6.0068   3.461612   3.461683     1.1638     1.2948    0.00063    0.00093     0.5437   102.4974    102.851    102.221    34.8205    34.8213    27.4205    27.4211    1489.45    1489.45         29 0.0000e+00
      26954  69.741409    906.000    898.873     6.0090     6.0092   3.462142   3.462223     1.1651     1.2961    0.00109    0.00068     0.5437   102.4974    103.059    102.402    34.8237    34.8244    27.4227    27.4233    1489.48    1489.48         34 0.0000e+00
