fileExtractor/test/CTD/dfr26003.cnv
* Sea-Bird SBE 9 Data File:
* FileName = C:\SEASOFT\PIRATA-FR26\data\fr26003.hex
* Software Version Seasave V 7.23.2
* Temperature SN = 6083
* Conductivity SN = 4509
* Number of Bytes Per Scan = 34
* Number of Voltage Words = 3
* Number of Scans Averaged by the Deck Unit = 1
* NMEA Latitude = 01 30.17 N
* NMEA Longitude = 023 00.17 W
* NMEA UTC (Time) = Mar 12 2016  01:30:55
** Cruise: PIRATA-FR26
** Ship: THALASSA
** Station: 3
** Bottom Depth: 3651
** Pressure frequency switch pos 2 before station: 33113.16
** Pressure frequency switch pos 2 after station: 33092.5
** Operator: GH-JH
** Comments:
# nquan = 24
# nvalues = 2021                        
# units = specified
# name 0 = scan: Scan Count
# name 1 = timeJ: Julian Days
# name 2 = prDM: Pressure, Digiquartz [db]
# name 3 = depSM: Depth [salt water, m]
# name 4 = t090C: Temperature [ITS-90, deg C]
# name 5 = t190C: Temperature, 2 [ITS-90, deg C]
# name 6 = c0S/m: Conductivity [S/m]
# name 7 = c1S/m: Conductivity, 2 [S/m]
# name 8 = sbeox0V: Oxygen raw, SBE 43 [V]
# name 9 = sbeox1V: Oxygen raw, SBE 43, 2 [V]
# name 10 = sbeox1dOV/dT: Oxygen, SBE 43, 2 [dov/dt]
# name 11 = sbeox0dOV/dT: Oxygen, SBE 43 [dov/dt]
# name 12 = flECO-AFL: Fluorescence, WET Labs ECO-AFL/FL [mg/m^3]
# name 13 = CStarTr0: Beam Transmission, WET Labs C-Star [%]
# name 14 = sbeox0Mm/Kg: Oxygen, SBE 43 [umol/kg], WS = 2
# name 15 = sbeox1Mm/Kg: Oxygen, SBE 43, 2 [umol/kg], WS = 2
# name 16 = sal00: Salinity, Practical [PSU]
# name 17 = sal11: Salinity, Practical, 2 [PSU]
# name 18 = sigma-é00: Density [sigma-theta, kg/m^3]
# name 19 = sigma-é11: Density, 2 [sigma-theta, kg/m^3]
# name 20 = svCM: Sound Velocity [Chen-Millero, m/s]
# name 21 = svCM1: Sound Velocity, 2 [Chen-Millero, m/s]
# name 22 = nbin: number of scans per bin
# name 23 = flag: flag
# span 0 =         60,      63213       
# span 1 =  72.063165,  72.093621       
# span 2 =      3.000,   2023.000       
# span 3 =      2.988,   2002.207       
# span 4 =     3.5841,    29.2195       
# span 5 =     3.5843,    29.2199       
# span 6 =   3.302219,   5.893496       
# span 7 =   3.302274,   5.893611       
# span 8 =     1.2408,     2.7940       
# span 9 =     1.3974,     3.1813       
# span 10 =   -0.04440,    0.00883      
# span 11 =   -0.04251,    0.00873      
# span 12 =     0.5131,     2.1662      
# span 13 =    99.0981,   102.4976      
# span 14 =     93.324,    236.904      
# span 15 =     94.053,    236.769      
# span 16 =    34.5081,    36.1170      
# span 17 =    34.5088,    36.1174      
# span 18 =    22.6463,    27.8165      
# span 19 =    22.6447,    27.8166      
# span 20 =    1483.58,    1544.98      
# span 21 =    1483.58,    1544.99      
# span 22 =         12,        137      
# span 23 = 0.0000e+00, 0.0000e+00      
# interval = decibars: 1                
# start_time = Mar 12 2016 01:30:55 [System UTC, header]
# bad_flag = -9.990e-29
*END*
[from data line 182]
      11878  72.068863    185.000    183.894    13.7563    13.7580   4.219464   4.219695     1.4528     1.6398    0.00119    0.00068     0.5257   102.2507    112.443    112.637    35.3867    35.3873    26.5428    26.5429    1506.20    1506.21         37 0.0000e+00
      11906  72.068878    186.000    184.886    13.7418    13.7424   4.217895   4.218006     1.4526     1.6395    0.00037    0.00060     0.5210   102.2517    112.459    112.666    35.3849    35.3854    26.5445    26.5447    1506.17    1506.17         23 0.0000e+00
      11925  72.068886    187.000    185.882    13.7317    13.7321   4.216741   4.216811     1.4520     1.6388    0.00060   -0.00002     0.5199   102.2435    112.429    112.630    35.3830    35.3833    26.5451    26.5453    1506.15    1506.15         18 0.0000e+00
      11943  72.068893    188.000    186.882    13.7124    13.7128   4.214633   4.214656     1.4519     1.6385    0.00036   -0.00001     0.5185   102.2594    112.482    112.663    35.3806    35.3805    26.5473    26.5471    1506.10    1506.10         17 0.0000e+00
      11961  72.068901    189.000    187.882    13.6954    13.6961   4.212747   4.212823     1.4531     1.6389   -0.00016   -0.00019     0.5207   102.2497    112.683    112.761    35.3782    35.3782    26.5490    26.5489    1506.06    1506.06         20 0.0000e+00
      11984  72.068916    190.000    188.876    13.6795    13.6807   4.210981   4.211137     1.4554     1.6407   -0.00063   -0.00053     0.5210   102.2452    113.003    112.987    35.3758    35.3762    26.5505    26.5505    1506.02    1506.02         27 0.0000e+00
      12015  72.068932    191.000    189.861    13.6520    13.6539   4.207924   4.208164     1.4567     1.6426    0.00009    0.00078     0.5178   102.2481    113.240    113.268    35.3721    35.3726    26.5534    26.5533    1505.94    1505.95         33 0.0000e+00
      12044  72.068947    192.000    190.852    13.6192    13.6203   4.204271   4.204381     1.4560     1.6424    0.00166    0.00222     0.5205   102.2526    113.249    113.343    35.3677    35.3676    26.5568    26.5565    1505.84    1505.85         25 0.0000e+00
      12069  72.068954    193.000    191.851    13.5923    13.5926   4.201297   4.201329     1.4534     1.6408    0.00156    0.00124     0.5253   102.1979    113.016    113.254    35.3641    35.3641    26.5596    26.5595    1505.77    1505.77         25 0.0000e+00
      12097  72.068970    194.000    192.848    13.5658    13.5674   4.198318   4.198510     1.4489     1.6375    0.00013   -0.00047     0.5214   102.2563    112.564    113.000    35.3601    35.3604    26.5621    26.5619    1505.69    1505.70         34 0.0000e+00
      12132  72.068985    195.000    193.827    13.5291    13.5305   4.194200   4.194332     1.4433     1.6320   -0.00177   -0.00265     0.5213   102.2699    112.005    112.542    35.3548    35.3548    26.5655    26.5653    1505.58    1505.59         30 0.0000e+00
      12156  72.069000    196.000    194.821    13.5038    13.5039   4.191437   4.191448     1.4407     1.6281   -0.00268   -0.00378     0.5254   102.2589    111.771    112.223    35.3518    35.3518    26.5684    26.5684    1505.51    1505.51         20 0.0000e+00
      12173  72.069008    197.000    195.818    13.4862    13.4868   4.189470   4.189473     1.4389     1.6258   -0.00353   -0.00425     0.5213   102.2721    111.612    112.044    35.3491    35.3486    26.5700    26.5695    1505.47    1505.47         15 0.0000e+00
      12188  72.069016    198.000    196.819    13.4485    13.4492   4.185411   4.185441     1.4376     1.6242   -0.00401   -0.00381     0.5233   102.2573    111.560    111.980    35.3452    35.3449    26.5748    26.5744    1505.36    1505.36         15 0.0000e+00
      12204  72.069023    199.000    197.819    13.4248    13.4254   4.182793   4.182817     1.4373     1.6229   -0.00392   -0.00302     0.5204   102.2547    111.591    111.920    35.3420    35.3417    26.5772    26.5769    1505.29    1505.29         17 0.0000e+00
      12223  72.069031    200.000    198.814    13.4049    13.4057   4.180606   4.180672     1.4371     1.6217   -0.00363   -0.00263     0.5248   102.2667    111.636    111.862    35.3394    35.3393    26.5792    26.5790    1505.24    1505.24         23 0.0000e+00
      12254  72.069046    201.000    199.802    13.3887    13.3905   4.178793   4.179012     1.4374     1.6219   -0.00263   -0.00166     0.5234   102.2713    111.717    111.934    35.3368    35.3372    26.5806    26.5806    1505.20    1505.21         39 0.0000e+00
      12293  72.069061    202.000    200.785    13.3578    13.3597   4.175416   4.175622     1.4371     1.6215   -0.00078    0.00001     0.5209   102.2505    111.776    111.977    35.3331    35.3333    26.5841    26.5838    1505.11    1505.12         35 0.0000e+00
      12322  72.069077    203.000    201.783    13.3300    13.3307   4.172379   4.172474     1.4363     1.6207    0.00023    0.00013     0.5233   102.2656    111.760    111.978    35.3297    35.3300    26.5872    26.5873    1505.03    1505.03         24 0.0000e+00
      12346  72.069092    204.000    202.779    13.2974    13.3000   4.168718   4.168945     1.4365     1.6201   -0.00030   -0.00020     0.5195   102.2538    111.879    112.011    35.3248    35.3246    26.5901    26.5894    1504.94    1504.94         24 0.0000e+00
      12370  72.069099    205.000    203.773    13.2312    13.2334   4.161334   4.161502     1.4392     1.6218   -0.00050   -0.00047     0.5178   102.2864    112.379    112.363    35.3158    35.3153    26.5966    26.5958    1504.72    1504.73         26 0.0000e+00
      12398  72.069115    206.000    204.763    13.1712    13.1719   4.154524   4.154495     1.4452     1.6275   -0.00079   -0.00032     0.5223   102.2766    113.261    113.112    35.3064    35.3056    26.6016    26.6007    1504.53    1504.53         27 0.0000e+00
      12422  72.069130    207.000    205.755    13.1571    13.1579   4.152991   4.153112     1.4496     1.6337    0.00087    0.00193     0.5211   102.2758    113.832    113.796    35.3046    35.3050    26.6030    26.6032    1504.50    1504.50         23 0.0000e+00
      12443  72.069138    208.000    206.748    13.1483    13.1499   4.151960   4.152092     1.4517     1.6358    0.00333    0.00411     0.5195   102.2758    114.118    114.050    35.3025    35.3023    26.6032    26.6027    1504.48    1504.49         19 0.0000e+00
      12463  72.069145    209.000    207.749    13.0764    13.0790   4.143942   4.144012     1.4541     1.6381    0.00568    0.00533     0.5254   102.2758    114.604    114.482    35.2926    35.2909    26.6101    26.6083    1504.25    1504.25         20 0.0000e+00
      12483  72.069153    210.000    208.747    13.0030    13.0042   4.135870   4.135892     1.4579     1.6420    0.00546    0.00402     0.5215   102.2758    115.261    115.081    35.2836    35.2827    26.6179    26.6170    1504.01    1504.01         22 0.0000e+00
      12509  72.069168    211.000    209.737    12.9548    12.9563   4.130610   4.130710     1.4619     1.6470    0.00284    0.00270     0.5252   102.2702    115.880    115.739    35.2779    35.2773    26.6232    26.6225    1503.86    1503.86         30 0.0000e+00
      12541  72.069183    212.000    210.724    12.9220    12.9234   4.127027   4.127164     1.4633     1.6500    0.00415    0.00400     0.5214   102.2758    116.145    116.142    35.2737    35.2737    26.6266    26.6263    1503.76    1503.77         33 0.0000e+00
      12571  72.069199    213.000    211.718    12.8944    12.8957   4.124002   4.124106     1.4603     1.6483    0.00447    0.00360     0.5249   102.2737    115.860    116.054    35.2701    35.2699    26.6293    26.6289    1503.68    1503.69         26 0.0000e+00
      12596  72.069214    214.000    212.709    12.8693    12.8702   4.121252   4.121329     1.4543     1.6436    0.00235    0.00115     0.5207   102.2794    115.216    115.646    35.2667    35.2667    26.6317    26.6316    1503.61    1503.61         24 0.0000e+00
      12619  72.069221    215.000    213.708    12.8373    12.8386   4.117726   4.117799     1.4457     1.6360   -0.00034   -0.00151     0.5215   102.2757    114.276    114.957    35.2624    35.2619    26.6348    26.6342    1503.52    1503.52         22 0.0000e+00
      12640  72.069229    216.000    214.697    12.8005    12.8012   4.113734   4.113775     1.4369     1.6269   -0.00288   -0.00402     0.5233   102.2758    113.313    114.120    35.2581    35.2579    26.6388    26.6385    1503.40    1503.41         21 0.0000e+00
      12661  72.069244    217.000    215.694    12.7792    12.7798   4.111386   4.111449     1.4313     1.6194   -0.00540   -0.00653     0.5233   102.2758    112.701    113.405    35.2551    35.2551    26.6407    26.6406    1503.35    1503.35         21 0.0000e+00
      12682  72.069252    218.000    216.692    12.7545    12.7558   4.108599   4.108620     1.4283     1.6147   -0.00812   -0.00904     0.5228   102.2758    112.419    112.985    35.2510    35.2500    26.6425    26.6415    1503.27    1503.28         22 0.0000e+00
      12705  72.069260    219.000    217.682    12.6360    12.6407   4.095614   4.095765     1.4299     1.6142   -0.00967   -0.00896     0.5208   102.2758    112.922    113.242    35.2365    35.2336    26.6548    26.6516    1502.88    1502.89         24 0.0000e+00
      12731  72.069275    220.000    218.676    12.5771    12.5791   4.089138   4.089286     1.4338     1.6176   -0.00750   -0.00531     0.5199   102.2758    113.548    113.765    35.2289    35.2284    26.6605    26.6598    1502.69    1502.69         27 0.0000e+00
      12760  72.069290    221.000    219.669    12.5607    12.5613   4.087336   4.087408     1.4365     1.6200   -0.00180    0.00020     0.5198   102.2758    113.941    114.071    35.2264    35.2266    26.6618    26.6618    1502.64    1502.65         32 0.0000e+00
      12793  72.069305    222.000    220.660    12.5318    12.5335   4.084151   4.084305     1.4375     1.6208    0.00288    0.00336     0.5227   102.2758    114.147    114.237    35.2224    35.2222    26.6644    26.6639    1502.56    1502.56         32 0.0000e+00
      12823  72.069321    223.000    221.650    12.4608    12.4637   4.076464   4.076636     1.4383     1.6211    0.00164    0.00198     0.5419   102.2647    114.438    114.463    35.2142    35.2131    26.6720    26.6706    1502.33    1502.34         28 0.0000e+00
      12847  72.069328    224.000    222.640    12.4199    12.4206   4.072115   4.072157     1.4385     1.6213    0.00048    0.00074     0.5247   102.2798    114.579    114.607    35.2101    35.2099    26.6768    26.6765    1502.20    1502.20         21 0.0000e+00
      12866  72.069344    225.000    223.640    12.3794    12.3805   4.067642   4.067610     1.4383     1.6212    0.00050    0.00031     0.5250   102.2758    114.667    114.715    35.2043    35.2030    26.6803    26.6790    1502.07    1502.08         18 0.0000e+00
      12884  72.069351    226.000    224.636    12.3138    12.3147   4.060644   4.060614     1.4383     1.6209    0.00025    0.00072     0.5184   102.2728    114.854    114.861    35.1977    35.1966    26.6880    26.6869    1501.86    1501.86         18 0.0000e+00
      12903  72.069359    227.000    225.635    12.2945    12.2950   4.058555   4.058586     1.4388     1.6215    0.00016    0.00048     0.5207   102.2741    114.977    114.987    35.1952    35.1950    26.6898    26.6895    1501.81    1501.81         20 0.0000e+00
      12928  72.069366    228.000    226.629    12.2808    12.2818   4.057042   4.057147     1.4391     1.6224   -0.00015   -0.00018     0.5154   102.2757    115.062    115.136    35.1930    35.1930    26.6907    26.6905    1501.78    1501.78         30 0.0000e+00
      12962  72.069389    229.000    227.613    12.2509    12.2531   4.053830   4.054054     1.4383     1.6227    0.00041    0.00039     0.5206   102.2758    115.049    115.254    35.1894    35.1896    26.6938    26.6935    1501.69    1501.69         37 0.0000e+00
      12994  72.069405    230.000    228.603    12.2351    12.2356   4.052179   4.052267     1.4373     1.6223    0.00084    0.00004     0.5204   102.2758    114.984    115.267    35.1878    35.1882    26.6956    26.6958    1501.65    1501.65         26 0.0000e+00
      13017  72.069412    231.000    229.599    12.2193    12.2200   4.050455   4.050531     1.4371     1.6215    0.00014   -0.00055     0.5131   102.2758    115.011    115.245    35.1855    35.1856    26.6969    26.6968    1501.61    1501.61         21 0.0000e+00
      13038  72.069427    232.000    230.597    12.2046    12.2051   4.048883   4.048943     1.4368     1.6210   -0.00009   -0.00076     0.5131   102.2758    115.027    115.236    35.1836    35.1837    26.6983    26.6983    1501.57    1501.57         21 0.0000e+00
      13061  72.069435    233.000    231.592    12.1936    12.1942   4.047728   4.047812     1.4365     1.6213   -0.00061   -0.00053     0.5131   102.2758    115.035    115.319    35.1823    35.1826    26.6994    26.6996    1501.55    1501.55         25 0.0000e+00
      13087  72.069450    234.000    232.581    12.1836    12.1840   4.046675   4.046736     1.4362     1.6211   -0.00067   -0.00031     0.5131   102.2758    115.037    115.332    35.1810    35.1813    26.7004    26.7005    1501.53    1501.53         27 0.0000e+00
      13113  72.069458    235.000    233.574    12.1629    12.1630   4.044435   4.044414     1.4358     1.6206   -0.00008   -0.00037     0.5208   102.2804    115.064    115.347    35.1783    35.1780    26.7023    26.7021    1501.47    1501.47         24 0.0000e+00
      13137  72.069473    236.000    234.569    12.1296    12.1303   4.040840   4.040873     1.4343     1.6188    0.00015   -0.00030     0.5246   102.2793    114.969    115.257    35.1742    35.1739    26.7056    26.7051    1501.37    1501.37         24 0.0000e+00
      13162  72.069481    237.000    235.566    12.0066    12.0108   4.027417   4.027486     1.4309     1.6154   -0.00051   -0.00028     0.5366   102.2718    114.883    115.225    35.1587    35.1554    26.7171    26.7137    1500.95    1500.96         27 0.0000e+00
      13190  72.069496    238.000    236.555    11.9125    11.9134   4.017469   4.017525     1.4261     1.6107   -0.00132   -0.00116     0.5268   102.2682    114.547    114.984    35.1499    35.1496    26.7282    26.7278    1500.64    1500.64         29 0.0000e+00
      13218  72.069511    239.000    237.542    11.8986    11.8984   4.015898   4.015837     1.4221     1.6063   -0.00302   -0.00295     0.5191   102.2839    114.104    114.574    35.1472    35.1468    26.7288    26.7285    1500.60    1500.60         25 0.0000e+00
      13240  72.069519    240.000    238.538    11.8628    11.8639   4.012096   4.012151     1.4189     1.6030   -0.00384   -0.00394     0.5531   102.2701    113.806    114.320    35.1433    35.1428    26.7326    26.7320    1500.49    1500.49         20 0.0000e+00
      13259  72.069527    241.000    239.532    11.8367    11.8373   4.009407   4.009453     1.4168     1.6005   -0.00407   -0.00387     0.5261   102.2759    113.626    114.145    35.1412    35.1411    26.7360    26.7357    1500.42    1500.42         18 0.0000e+00
      13277  72.069542    242.000    240.532    11.8202    11.8211   4.007620   4.007646     1.4150     1.5979   -0.00379   -0.00353     0.5212   102.2539    113.462    113.921    35.1389    35.1382    26.7373    26.7366    1500.37    1500.38         19 0.0000e+00
      13296  72.069550    243.000    241.527    11.7876    11.7894   4.004132   4.004241     1.4141     1.5960   -0.00357   -0.00344     0.5208   102.2631    113.441    113.808    35.1350    35.1344    26.7404    26.7396    1500.27    1500.28         20 0.0000e+00
