fileExtractor/test/CTD/dfr26003.cnv
* Sea-Bird SBE 9 Data File:
* FileName = C:\SEASOFT\PIRATA-FR26\data\fr26003.hex
* Software Version Seasave V 7.23.2
* Temperature SN = 6083
* Conductivity SN = 4509
* Number of Bytes Per Scan = 34
* Number of Voltage Words = 3
* Number of Scans Averaged by the Deck Unit = 1
* NMEA Latitude = 01 30.17 N
* NMEA Longitude = 023 00.17 W
* NMEA UTC (Time) = Mar 12 2016  01:30:55
** Cruise: PIRATA-FR26
** Ship: THALASSA
** Station: 3
** Bottom Depth: 3651
** Pressure frequency switch pos 2 before station: 33113.16
** Pressure frequency switch pos 2 after station: 33092.5
** Operator: GH-JH
** Comments:
# nquan = 24
# nvalues = 2021                        
# units = specified
# name 0 = scan: Scan Count
# name 1 = timeJ: Julian Days
# name 2 = prDM: Pressure, Digiquartz [db]
# name 3 = depSM: Depth [salt water, m]
# name 4 = t090C: Temperature [ITS-90, deg C]
# name 5 = t190C: Temperature, 2 [ITS-90, deg C]
# name 6 = c0S/m: Conductivity [S/m]
# name 7 = c1S/m: Conductivity, 2 [S/m]
# name 8 = sbeox0V: Oxygen raw, SBE 43 [V]
# name 9 = sbeox1V: Oxygen raw, SBE 43, 2 [V]
# name 10 = sbeox1dOV/dT: Oxygen, SBE 43, 2 [dov/dt]
# name 11 = sbeox0dOV/dT: Oxygen, SBE 43 [dov/dt]
# name 12 = flECO-AFL: Fluorescence, WET Labs ECO-AFL/FL [mg/m^3]
# name 13 = CStarTr0: Beam Transmission, WET Labs C-Star [%]
# name 14 = sbeox0Mm/Kg: Oxygen, SBE 43 [umol/kg], WS = 2
# name 15 = sbeox1Mm/Kg: Oxygen, SBE 43, 2 [umol/kg], WS = 2
# name 16 = sal00: Salinity, Practical [PSU]
# name 17 = sal11: Salinity, Practical, 2 [PSU]
# name 18 = sigma-é00: Density [sigma-theta, kg/m^3]
# name 19 = sigma-é11: Density, 2 [sigma-theta, kg/m^3]
# name 20 = svCM: Sound Velocity [Chen-Millero, m/s]
# name 21 = svCM1: Sound Velocity, 2 [Chen-Millero, m/s]
# name 22 = nbin: number of scans per bin
# name 23 = flag: flag
# span 0 =         60,      63213       
# span 1 =  72.063165,  72.093621       
# span 2 =      3.000,   2023.000       
# span 3 =      2.988,   2002.207       
# span 4 =     3.5841,    29.2195       
# span 5 =     3.5843,    29.2199       
# span 6 =   3.302219,   5.893496       
# span 7 =   3.302274,   5.893611       
# span 8 =     1.2408,     2.7940       
# span 9 =     1.3974,     3.1813       
# span 10 =   -0.04440,    0.00883      
# span 11 =   -0.04251,    0.00873      
# span 12 =     0.5131,     2.1662      
# span 13 =    99.0981,   102.4976      
# span 14 =     93.324,    236.904      
# span 15 =     94.053,    236.769      
# span 16 =    34.5081,    36.1170      
# span 17 =    34.5088,    36.1174      
# span 18 =    22.6463,    27.8165      
# span 19 =    22.6447,    27.8166      
# span 20 =    1483.58,    1544.98      
# span 21 =    1483.58,    1544.99      
# span 22 =         12,        137      
# span 23 = 0.0000e+00, 0.0000e+00      
# interval = decibars: 1                
# start_time = Mar 12 2016 01:30:55 [System UTC, header]
# bad_flag = -9.990e-29
*END*
[from data line 1329]
      40965  72.082893   1332.000   1320.465     4.5338     4.5339   3.356311   3.356367     1.6776     1.8908    0.00107    0.00076     0.5437   102.4420    200.288    199.597    34.9308    34.9313    27.6858    27.6861    1490.72    1490.72         25 0.0000e+00
      41004  72.082909   1333.000   1321.440     4.5339     4.5342   3.356342   3.356417     1.6777     1.8918    0.00056    0.00035     0.5437   102.4443    200.318    199.768    34.9306    34.9311    27.6856    27.6860    1490.73    1490.73         52 0.0000e+00
      41047  72.082932   1334.000   1322.424     4.5339     4.5341   3.356396   3.356458     1.6779     1.8926    0.00059    0.00018     0.5437   102.4582    200.385    199.908    34.9307    34.9312    27.6857    27.6861    1490.75    1490.75         30 0.0000e+00
      41072  72.082947   1335.000   1323.414     4.5347     4.5354   3.356539   3.356682     1.6778     1.8930    0.00070    0.00006     0.5437   102.4564    200.391    199.984    34.9310    34.9319    27.6858    27.6865    1490.77    1490.77         23 0.0000e+00
      41094  72.082954   1336.000   1324.404     4.5369     4.5372   3.356855   3.356921     1.6781     1.8935    0.00051    0.00013     0.5437   102.4596    200.453    200.082    34.9319    34.9324    27.6863    27.6867    1490.80    1490.80         22 0.0000e+00
      41117  72.082962   1337.000   1325.397     4.5376     4.5378   3.357004   3.357058     1.6787     1.8938    0.00022    0.00026     0.5437   102.4490    200.580    200.144    34.9324    34.9328    27.6867    27.6870    1490.82    1490.82         24 0.0000e+00
      41143  72.082977   1338.000   1326.382     4.5379     4.5380   3.357080   3.357125     1.6795     1.8946    0.00056   -0.00009     0.5437   102.4574    200.732    200.289    34.9325    34.9330    27.6867    27.6871    1490.83    1490.84         27 0.0000e+00
      41169  72.082993   1339.000   1327.368     4.5379     4.5382   3.357141   3.357205     1.6800     1.8950    0.00036    0.00056     0.5437   102.4620    200.849    200.366    34.9327    34.9332    27.6869    27.6872    1490.85    1490.85         25 0.0000e+00
      41194  72.083000   1340.000   1328.358     4.5381     4.5383   3.357203   3.357253     1.6802     1.8952    0.00057    0.00065     0.5437   102.4485    200.915    200.420    34.9327    34.9331    27.6869    27.6872    1490.87    1490.87         25 0.0000e+00
      41220  72.083015   1341.000   1329.347     4.5383     4.5383   3.357293   3.357352     1.6803     1.8959    0.00060    0.00061     0.5437   102.4533    200.945    200.542    34.9331    34.9337    27.6872    27.6877    1490.89    1490.89         27 0.0000e+00
      41248  72.083031   1342.000   1330.335     4.5379     4.5382   3.357335   3.357402     1.6810     1.8966    0.00020    0.00025     0.5437   102.4568    201.101    200.675    34.9335    34.9339    27.6876    27.6879    1490.90    1490.90         30 0.0000e+00
      41278  72.083046   1343.000   1331.320     4.5379     4.5383   3.357388   3.357449     1.6815     1.8974    0.00049    0.00013     0.5437   102.4563    201.212    200.827    34.9336    34.9339    27.6876    27.6878    1490.92    1490.92         29 0.0000e+00
      41305  72.083054   1344.000   1332.308     4.5384     4.5382   3.357471   3.357498     1.6819     1.8978    0.00064    0.00060     0.5437   102.4523    201.304    200.913    34.9336    34.9341    27.6876    27.6880    1490.94    1490.94         24 0.0000e+00
      41328  72.083069   1345.000   1333.293     4.5379     4.5382   3.357490   3.357548     1.6822     1.8982    0.00080    0.00042     0.5437   102.4585    201.370    200.994    34.9338    34.9342    27.6878    27.6881    1490.95    1490.95         22 0.0000e+00
      41348  72.083076   1346.000   1334.283     4.5380     4.5382   3.357537   3.357587     1.6823     1.8983    0.00049    0.00042     0.5437   102.4521    201.429    201.027    34.9338    34.9341    27.6878    27.6880    1490.97    1490.97         19 0.0000e+00
      41367  72.083084   1347.000   1335.274     4.5380     4.5382   3.357585   3.357636     1.6821     1.8977    0.00038    0.00034     0.5437   102.4450    201.405    200.969    34.9339    34.9342    27.6879    27.6881    1490.99    1490.99         18 0.0000e+00
      41385  72.083092   1348.000   1336.262     4.5376     4.5379   3.357590   3.357647     1.6821     1.8978    0.00031    0.00023     0.5437   102.4461    201.442    201.012    34.9338    34.9342    27.6879    27.6882    1491.00    1491.00         20 0.0000e+00
      41407  72.083107   1349.000   1337.263     4.5374     4.5375   3.357623   3.357667     1.6821     1.8977    0.00007    0.00019     0.5534   102.4422    201.473    201.024    34.9340    34.9343    27.6880    27.6883    1491.02    1491.02         24 0.0000e+00
      41442  72.083122   1350.000   1338.242     4.5369     4.5374   3.357623   3.357698     1.6825     1.8983   -0.00019   -0.00009     0.5428   102.4420    201.573    201.144    34.9339    34.9343    27.6881    27.6883    1491.03    1491.03         48 0.0000e+00
      41489  72.083145   1351.000   1339.222     4.5362     4.5364   3.357625   3.357687     1.6831     1.8991    0.00025    0.00025     0.5478   102.4436    201.702    201.289    34.9343    34.9347    27.6885    27.6888    1491.05    1491.05         39 0.0000e+00
      41520  72.083160   1352.000   1340.210     4.5352     4.5355   3.357631   3.357690     1.6835     1.8997    0.00047    0.00022     0.5665   102.4485    201.801    201.401    34.9349    34.9352    27.6890    27.6893    1491.06    1491.06         26 0.0000e+00
      41543  72.083168   1353.000   1341.200     4.5350     4.5352   3.357670   3.357730     1.6837     1.8998    0.00037    0.00041     0.5387   102.4594    201.857    201.444    34.9350    34.9356    27.6892    27.6896    1491.08    1491.08         21 0.0000e+00
      41564  72.083183   1354.000   1342.188     4.5345     4.5348   3.357691   3.357739     1.6838     1.8996    0.00055    0.00024     0.5437   102.4502    201.906    201.453    34.9354    34.9356    27.6895    27.6897    1491.09    1491.09         20 0.0000e+00
      41582  72.083191   1355.000   1343.177     4.5344     4.5346   3.357725   3.357784     1.6840     1.8999    0.00028    0.00033     0.5403   102.4482    201.968    201.515    34.9354    34.9358    27.6895    27.6899    1491.11    1491.11         18 0.0000e+00
      41601  72.083199   1356.000   1344.171     4.5351     4.5352   3.357860   3.357900     1.6842     1.8999    0.00007    0.00018     0.5386   102.4452    202.013    201.538    34.9357    34.9360    27.6897    27.6900    1491.13    1491.13         18 0.0000e+00
      41620  72.083206   1357.000   1345.164     4.5354     4.5356   3.357976   3.358024     1.6845     1.9001   -0.00001    0.00021     0.5378   102.4420    202.086    201.595    34.9363    34.9365    27.6902    27.6904    1491.15    1491.15         21 0.0000e+00
      41646  72.083221   1358.000   1346.150     4.5342     4.5341   3.357921   3.357943     1.6853     1.9010    0.00013    0.00020     0.5528   102.4420    202.257    201.763    34.9363    34.9367    27.6904    27.6907    1491.16    1491.16         34 0.0000e+00
      41686  72.083237   1359.000   1347.128     4.5329     4.5331   3.357843   3.357889     1.6864     1.9019    0.00042    0.00041     0.5432   102.4420    202.485    201.922    34.9363    34.9366    27.6904    27.6907    1491.17    1491.17         39 0.0000e+00
      41716  72.083252   1360.000   1348.114     4.5314     4.5317   3.357773   3.357815     1.6868     1.9030    0.00071    0.00077     0.5437   102.4555    202.585    202.123    34.9366    34.9368    27.6909    27.6910    1491.18    1491.18         25 0.0000e+00
      41738  72.083267   1361.000   1349.102     4.5304     4.5304   3.357727   3.357776     1.6871     1.9031    0.00046    0.00075     0.5437   102.4531    202.672    202.169    34.9367    34.9371    27.6911    27.6914    1491.19    1491.19         20 0.0000e+00
      41757  72.083275   1362.000   1350.094     4.5285     4.5286   3.357635   3.357671     1.6872     1.9031    0.00066    0.00043     0.5437   102.4574    202.714    202.208    34.9370    34.9374    27.6915    27.6918    1491.20    1491.20         18 0.0000e+00
      41776  72.083282   1363.000   1351.090     4.5263     4.5265   3.357501   3.357542     1.6873     1.9032    0.00090    0.00037     0.5437   102.4566    202.776    202.249    34.9373    34.9375    27.6920    27.6922    1491.21    1491.21         19 0.0000e+00
      41798  72.083290   1364.000   1352.083     4.5205     4.5210   3.357119   3.357180     1.6877     1.9040    0.00026    0.00028     0.5437   102.4466    202.897    202.434    34.9384    34.9386    27.6935    27.6936    1491.20    1491.21         27 0.0000e+00
      41843  72.083313   1365.000   1353.058     4.5185     4.5184   3.357012   3.357031     1.6903     1.9061    0.00036    0.00024     0.5437   102.4443    203.390    202.772    34.9387    34.9390    27.6940    27.6943    1491.21    1491.21         57 0.0000e+00
      41884  72.083336   1366.000   1354.042     4.5177     4.5179   3.356997   3.357043     1.6920     1.9083    0.00102    0.00147     0.5437   102.4562    203.709    203.131    34.9390    34.9393    27.6943    27.6946    1491.23    1491.23         26 0.0000e+00
      41906  72.083344   1367.000   1355.031     4.5170     4.5172   3.356983   3.357035     1.6923     1.9091    0.00123    0.00136     0.5616   102.4488    203.776    203.279    34.9390    34.9394    27.6944    27.6947    1491.24    1491.24         20 0.0000e+00
      41925  72.083351   1368.000   1356.023     4.5168     4.5170   3.357010   3.357053     1.6923     1.9097    0.00147    0.00106     0.5519   102.4419    203.814    203.388    34.9390    34.9393    27.6945    27.6947    1491.26    1491.26         18 0.0000e+00
      41943  72.083366   1369.000   1357.010     4.5169     4.5171   3.357052   3.357100     1.6923     1.9096    0.00118    0.00086     0.5350   102.4420    203.840    203.412    34.9390    34.9393    27.6944    27.6947    1491.27    1491.27         18 0.0000e+00
      41960  72.083374   1370.000   1358.000     4.5170     4.5171   3.357101   3.357157     1.6923     1.9096    0.00093    0.00049     0.5417   102.4420    203.865    203.438    34.9389    34.9394    27.6944    27.6948    1491.29    1491.29         17 0.0000e+00
      41977  72.083382   1371.000   1358.995     4.5168     4.5171   3.357135   3.357191     1.6923     1.9096    0.00089    0.00015     0.5386   102.4420    203.893    203.465    34.9390    34.9394    27.6945    27.6948    1491.31    1491.31         18 0.0000e+00
      41999  72.083389   1372.000   1359.985     4.5166     4.5168   3.357153   3.357215     1.6923     1.9100    0.00027    0.00002     0.5389   102.4420    203.920    203.539    34.9390    34.9395    27.6945    27.6949    1491.32    1491.32         26 0.0000e+00
      42042  72.083412   1373.000   1360.966     4.5167     4.5168   3.357192   3.357234     1.6923     1.9108    0.00013    0.00000     0.5498   102.4420    203.946    203.682    34.9388    34.9392    27.6944    27.6947    1491.34    1491.34         59 0.0000e+00
      42088  72.083435   1374.000   1361.944     4.5165     4.5167   3.357232   3.357286     1.6923     1.9109    0.00060    0.00016     0.5390   102.4420    203.974    203.727    34.9390    34.9394    27.6945    27.6949    1491.35    1491.36         29 0.0000e+00
      42111  72.083443   1375.000   1362.934     4.5148     4.5150   3.357141   3.357181     1.6923     1.9109    0.00024    0.00019     0.5437   102.4474    204.009    203.761    34.9392    34.9395    27.6950    27.6951    1491.36    1491.37         21 0.0000e+00
      42131  72.083450   1376.000   1363.927     4.5085     4.5088   3.356652   3.356688     1.6923     1.9109    0.00014   -0.00001     0.5437   102.4522    204.069    203.822    34.9396    34.9398    27.6959    27.6960    1491.36    1491.36         19 0.0000e+00
      42149  72.083466   1377.000   1364.917     4.5046     4.5048   3.356378   3.356424     1.6926     1.9109    0.00011   -0.00014     0.5437   102.4467    204.171    203.870    34.9400    34.9403    27.6967    27.6969    1491.36    1491.36         18 0.0000e+00
      42168  72.083473   1378.000   1365.909     4.5027     4.5029   3.356304   3.356350     1.6932     1.9109   -0.00019   -0.00005     0.5437   102.4230    204.297    203.906    34.9407    34.9410    27.6974    27.6976    1491.37    1491.37         20 0.0000e+00
      42190  72.083481   1379.000   1366.894     4.5012     4.5014   3.356240   3.356300     1.6937     1.9117   -0.00009   -0.00010     0.5437   102.4477    204.429    204.059    34.9410    34.9415    27.6979    27.6982    1491.38    1491.38         24 0.0000e+00
      42217  72.083496   1380.000   1367.886     4.5004     4.5006   3.356266   3.356316     1.6949     1.9130    0.00003    0.00049     0.5396   102.4420    204.661    204.287    34.9417    34.9420    27.6985    27.6988    1491.39    1491.39         30 0.0000e+00
      42248  72.083511   1381.000   1368.867     4.4997     4.5000   3.356283   3.356330     1.6964     1.9150    0.00063    0.00062     0.5365   102.4420    204.944    204.613    34.9421    34.9424    27.6989    27.6991    1491.41    1491.41         30 0.0000e+00
      42277  72.083527   1382.000   1369.856     4.4996     4.4999   3.356368   3.356420     1.6976     1.9165    0.00126    0.00098     0.5352   102.4420    205.173    204.863    34.9427    34.9431    27.6994    27.6997    1491.42    1491.42         29 0.0000e+00
      42306  72.083542   1383.000   1370.842     4.4993     4.4995   3.356396   3.356451     1.6987     1.9171    0.00155    0.00116     0.5415   102.4420    205.396    204.977    34.9429    34.9433    27.6996    27.6999    1491.44    1491.44         27 0.0000e+00
      42330  72.083549   1384.000   1371.829     4.4995     4.4997   3.356489   3.356538     1.6992     1.9179    0.00130    0.00108     0.5613   102.4420    205.500    205.115    34.9432    34.9436    27.6999    27.7001    1491.46    1491.46         23 0.0000e+00
      42353  72.083565   1385.000   1372.822     4.4991     4.4993   3.356503   3.356557     1.6996     1.9182    0.00081    0.00090     0.5631   102.4420    205.610    205.189    34.9433    34.9437    27.7000    27.7003    1491.47    1491.47         22 0.0000e+00
      42376  72.083572   1386.000   1373.813     4.4992     4.4993   3.356553   3.356614     1.6996     1.9189    0.00048    0.00077     0.5403   102.4420    205.636    205.325    34.9433    34.9439    27.7000    27.7004    1491.49    1491.49         26 0.0000e+00
      42404  72.083588   1387.000   1374.795     4.4991     4.4993   3.356599   3.356642     1.6997     1.9192    0.00056    0.00036     0.5436   102.4420    205.676    205.398    34.9435    34.9438    27.7001    27.7004    1491.50    1491.51         30 0.0000e+00
      42433  72.083603   1388.000   1375.781     4.4988     4.4990   3.356613   3.356663     1.7003     1.9194    0.00062    0.00017     0.5437   102.4420    205.807    205.451    34.9435    34.9438    27.7002    27.7004    1491.52    1491.52         27 0.0000e+00
      42459  72.083611   1389.000   1376.772     4.4976     4.4978   3.356565   3.356616     1.7004     1.9196    0.00037    0.00008     0.5437   102.4420    205.850    205.512    34.9437    34.9440    27.7005    27.7007    1491.53    1491.53         25 0.0000e+00
      42484  72.083626   1390.000   1377.760     4.4940     4.4943   3.356331   3.356385     1.7008     1.9204    0.00017    0.00040     0.5437   102.4420    205.961    205.672    34.9443    34.9446    27.7013    27.7016    1491.53    1491.54         25 0.0000e+00
