fileExtractor/test/CTD/dfr26002.cnv
* Sea-Bird SBE 9 Data File:
* FileName = C:\SEASOFT\PIRATA-FR26\data\fr26002.hex
* Software Version Seasave V 7.23.2
* Temperature SN = 6083
* Conductivity SN = 4509
* Number of Bytes Per Scan = 34
* Number of Voltage Words = 3
* Number of Scans Averaged by the Deck Unit = 1
* NMEA Latitude = 02 00.11 N
* NMEA Longitude = 023 00.14 W
* NMEA UTC (Time) = Mar 11 2016  20:11:45
** Cruise: PIRATA-FR26
** Ship: THALASSA
** Station: 2
** Bottom Depth: 4334
** Pressure frequency switch pos 2 before station: 33095.48
** Pressure frequency switch pos 2 after station: 33091.40
** Operator: JG-CB
** Comments:
# nquan = 24
# nvalues = 2021                        
# units = specified
# name 0 = scan: Scan Count
# name 1 = timeJ: Julian Days
# name 2 = prDM: Pressure, Digiquartz [db]
# name 3 = depSM: Depth [salt water, m]
# name 4 = t090C: Temperature [ITS-90, deg C]
# name 5 = t190C: Temperature, 2 [ITS-90, deg C]
# name 6 = c0S/m: Conductivity [S/m]
# name 7 = c1S/m: Conductivity, 2 [S/m]
# name 8 = sbeox0V: Oxygen raw, SBE 43 [V]
# name 9 = sbeox1V: Oxygen raw, SBE 43, 2 [V]
# name 10 = sbeox1dOV/dT: Oxygen, SBE 43, 2 [dov/dt]
# name 11 = sbeox0dOV/dT: Oxygen, SBE 43 [dov/dt]
# name 12 = flECO-AFL: Fluorescence, WET Labs ECO-AFL/FL [mg/m^3]
# name 13 = CStarTr0: Beam Transmission, WET Labs C-Star [%]
# name 14 = sbeox0Mm/Kg: Oxygen, SBE 43 [umol/kg], WS = 2
# name 15 = sbeox1Mm/Kg: Oxygen, SBE 43, 2 [umol/kg], WS = 2
# name 16 = sal00: Salinity, Practical [PSU]
# name 17 = sal11: Salinity, Practical, 2 [PSU]
# name 18 = sigma-é00: Density [sigma-theta, kg/m^3]
# name 19 = sigma-é11: Density, 2 [sigma-theta, kg/m^3]
# name 20 = svCM: Sound Velocity [Chen-Millero, m/s]
# name 21 = svCM1: Sound Velocity, 2 [Chen-Millero, m/s]
# name 22 = nbin: number of scans per bin
# name 23 = flag: flag
# span 0 =       -620,      59902       
# span 1 =  71.841193,  71.870380       
# span 2 =      2.000,   2022.000       
# span 3 =      1.987,   2001.223       
# span 4 =     3.5305,    29.5218       
# span 5 =     3.5304,    29.5215       
# span 6 =   3.297611,   5.882431       
# span 7 =   3.297634,   5.882493       
# span 8 =     1.2941,     2.8297       
# span 9 =     1.4521,     3.2112       
# span 10 =   -0.09972,    0.01268      
# span 11 =   -0.09113,    0.01248      
# span 12 =     0.5129,     2.7132      
# span 13 =    99.2411,   102.5784      
# span 14 =    103.014,    235.775      
# span 15 =    103.117,    235.551      
# span 16 =    34.5205,    36.0026      
# span 17 =    34.5208,    35.9946      
# span 18 =    22.2118,    27.8197      
# span 19 =    22.2124,    27.8200      
# span 20 =    1483.21,    1545.18      
# span 21 =    1483.21,    1545.18      
# span 22 =         13,        150      
# span 23 = 0.0000e+00, 0.0000e+00      
# interval = decibars: 1                
# start_time = Mar 11 2016 20:11:45 [System UTC, header]
# bad_flag = -9.990e-29
*END*
       -620  71.841194      2.000      1.987    29.5177    29.5172   5.848494   5.848593     2.7619     3.1435    0.00073    0.00178     0.7150   100.3472    197.586    197.637    35.4386    35.4397    22.2193    22.2203    1545.09    1545.09         65 0.0000e+00
       1409  71.842171      3.000      2.988    29.5203    29.5203   5.847513   5.847620     2.7618     3.1328   -0.00218   -0.00099     0.6759   100.1705    197.609    196.858    35.4297    35.4304    22.2118    22.2124    1545.11    1545.11         86 0.0000e+00
       2046  71.842476      4.000      3.974    29.5212    29.5211   5.847982   5.848095     2.7632     3.1331   -0.00060    0.00065     0.7048   100.2751    197.746    196.893    35.4320    35.4328    22.2133    22.2140    1545.13    1545.13         75 0.0000e+00
       1985  71.842453      5.000      4.969    29.5218    29.5215   5.848174   5.848350     2.7604     3.1318    0.00100   -0.00068     0.6824   100.2825    197.521    196.818    35.4325    35.4340    22.2136    22.2148    1545.15    1545.15         29 0.0000e+00
       2013  71.842461      6.000      5.968    29.5214    29.5209   5.848271   5.848432     2.7630     3.1321   -0.00271   -0.00231     0.6898   100.2785    197.776    196.862    35.4332    35.4347    22.2144    22.2157    1545.16    1545.16         29 0.0000e+00
       2044  71.842476      7.000      6.963    29.5168    29.5174   5.848258   5.848400     2.7638     3.1339    0.00051   -0.00024     0.6989   100.2958    197.880    197.034    35.4362    35.4367    22.2182    22.2184    1545.17    1545.18         34 0.0000e+00
       2082  71.842499      8.000      7.958    29.4992    29.4947   5.848073   5.848097     2.7645     3.1309    0.00112    0.00189     0.7004   100.2848    198.007    196.875    35.4476    35.4511    22.2328    22.2370    1545.17    1545.16         44 0.0000e+00
       2127  71.842522      9.000      8.945    29.4712    29.4704   5.847543   5.847623     2.7635     3.1309   -0.00284   -0.00033     0.6985   100.3134    198.005    196.958    35.4644    35.4655    22.2550    22.2561    1545.14    1545.14         39 0.0000e+00
       2159  71.842537     10.000      9.944    29.3655    29.3593   5.850961   5.851234     2.7663     3.1323    0.00233    0.00111     0.6973   100.2947    198.488    197.279    35.5657    35.5722    22.3668    22.3738    1545.04    1545.03         28 0.0000e+00
       2186  71.842545     11.000     10.940    29.2960    29.2968   5.851689   5.851994     2.7675     3.1391   -0.00157   -0.00163     0.6883   100.3338    198.761    197.942    35.6221    35.6235    22.4327    22.4335    1544.97    1544.97         27 0.0000e+00
       2213  71.842560     12.000     11.935    29.2784    29.2780   5.855520   5.855634     2.7680     3.1412    0.00062    0.00190     0.6650   100.5473    198.838    198.138    35.6612    35.6622    22.4681    22.4690    1544.99    1544.99         27 0.0000e+00
       2241  71.842575     13.000     12.929    29.2440    29.2441   5.868845   5.869236     2.7694     3.1444    0.00561    0.00162     0.6657   100.6996    198.947    198.354    35.7781    35.7808    22.5676    22.5695    1545.06    1545.06         29 0.0000e+00
       2272  71.842590     14.000     13.923    29.2538    29.2537   5.881316   5.881541     2.7741     3.1454    0.00230    0.00030     0.6581   100.7726    199.259    198.331    35.8563    35.8579    22.6231    22.6243    1545.18    1545.18         32 0.0000e+00
       2303  71.842606     15.000     14.915    29.2301    29.2296   5.882322   5.882303     2.7727     3.1409    0.00288    0.00199     0.6239   100.9730    199.203    198.054    35.8807    35.8810    22.6494    22.6498    1545.17    1545.17         30 0.0000e+00
       2333  71.842621     16.000     15.912    29.2010    29.2006   5.881229   5.881282     2.7722     3.1479   -0.00039    0.00293     0.6128   101.1754    199.259    198.679    35.8947    35.8954    22.6698    22.6705    1545.14    1545.14         30 0.0000e+00
       2363  71.842628     17.000     16.905    29.1855    29.1853   5.881944   5.882007     2.7739     3.1478   -0.00211   -0.00111     0.6087   101.3119    199.453    198.722    35.9110    35.9115    22.6873    22.6878    1545.14    1545.14         30 0.0000e+00
       2391  71.842644     18.000     17.900    29.1651    29.1645   5.880421   5.880408     2.7715     3.1435    0.00477   -0.00033     0.6103   101.4427    199.332    198.475    35.9155    35.9158    22.6977    22.6981    1545.12    1545.12         28 0.0000e+00
       2419  71.842659     19.000     18.897    29.1427    29.1421   5.879577   5.879607     2.7687     3.1453    0.00007    0.00101     0.6048   101.5888    199.162    198.685    35.9262    35.9269    22.7133    22.7140    1545.10    1545.10         29 0.0000e+00
       2452  71.842674     20.000     19.890    29.1170    29.1172   5.878132   5.878203     2.7682     3.1473   -0.00243   -0.00189     0.6047   101.6218    199.212    198.928    35.9353    35.9356    22.7289    22.7291    1545.07    1545.07         35 0.0000e+00
       2487  71.842690     21.000     20.883    29.1142    29.1142   5.880546   5.880620     2.7656     3.1449    0.00122   -0.00152     0.6047   101.6348    199.001    198.752    35.9538    35.9542    22.7438    22.7441    1545.10    1545.10         34 0.0000e+00
       2519  71.842705     22.000     21.875    29.1177    29.1178   5.882432   5.882493     2.7668     3.1420    0.00164   -0.00138     0.6293   101.5698    199.100    198.535    35.9638    35.9642    22.7503    22.7505    1545.13    1545.14         29 0.0000e+00
       2546  71.842720     23.000     22.874    29.1019    29.1016   5.879969   5.879932     2.7676     3.1393   -0.00243   -0.00100     0.6406   101.5900    199.251    198.413    35.9584    35.9584    22.7515    22.7517    1545.11    1545.11         28 0.0000e+00
       2576  71.842735     24.000     23.870    29.0724    29.0728   5.875710   5.875796     2.7677     3.1416   -0.00240    0.00075     0.6567   101.5835    199.390    198.703    35.9509    35.9512    22.7559    22.7560    1545.06    1545.06         32 0.0000e+00
       2611  71.842751     25.000     24.859    29.0464    29.0454   5.871990   5.871895     2.7669     3.1435   -0.00112    0.00024     0.6347   101.5951    199.435    198.959    35.9445    35.9446    22.7599    22.7603    1545.01    1545.01         36 0.0000e+00
       2643  71.842766     26.000     25.851    29.0328    29.0330   5.870047   5.870124     2.7656     3.1436    0.00252    0.00047     0.6619   101.3754    199.394    199.031    35.9410    35.9414    22.7619    22.7621    1545.00    1545.00         28 0.0000e+00
       2668  71.842781     27.000     26.848    29.0289    29.0291   5.869455   5.869518     2.7684     3.1422    0.00078   -0.00073     0.6607   101.5120    199.676    198.965    35.9395    35.9398    22.7622    22.7623    1545.00    1545.01         24 0.0000e+00
       2692  71.842789     28.000     27.847    28.9801    28.9810   5.862407   5.862474     2.7784     3.1512    0.00004   -0.00110     0.6669   101.3888    200.749    199.834    35.9272    35.9270    22.7694    22.7690    1544.90    1544.91         24 0.0000e+00
       2721  71.842804     29.000     28.845    28.9286    28.9291   5.855504   5.855543     2.7888     3.1592   -0.00024    0.00168     0.6774   101.5014    201.868    200.635    35.9180    35.9179    22.7798    22.7796    1544.80    1544.80         35 0.0000e+00
       2764  71.842827     30.000     29.829    28.9185    28.9179   5.856817   5.856814     2.7908     3.1703    0.00823    0.00997     0.6923   101.4237    202.081    201.522    35.9344    35.9348    22.7956    22.7961    1544.81    1544.81         46 0.0000e+00
       2801  71.842842     31.000     30.818    28.8098    28.8090   5.840861   5.840154     2.7941     3.1696    0.00624    0.00430     0.7180   101.2818    202.788    201.869    35.9054    35.9011    22.8102    22.8073    1544.57    1544.56         28 0.0000e+00
       2824  71.842857     32.000     31.822    28.5815    28.5819   5.807323   5.807024     2.8078     3.1862    0.00669   -0.00156     0.6992   101.4301    204.853    203.932    35.8444    35.8421    22.8404    22.8386    1544.03    1544.03         21 0.0000e+00
       2845  71.842865     33.000     32.820    28.5304    28.5318   5.800042   5.800065     2.8135     3.1945   -0.00469   -0.00179     0.6937   101.3919    205.561    204.769    35.8320    35.8310    22.8481    22.8470    1543.92    1543.92         22 0.0000e+00
       2872  71.842880     34.000     33.819    28.3968    28.3990   5.784799   5.784902     2.8201     3.2017    0.00999    0.00968     0.7413   101.2183    206.628    205.762    35.8263    35.8254    22.8882    22.8868    1543.64    1543.65         37 0.0000e+00
       2928  71.842903     35.000     34.798    28.3464    28.3478   5.780472   5.780499     2.8225     3.2093    0.00729    0.00591     0.7875   101.3437    207.022    206.528    35.8340    35.8331    22.9107    22.9096    1543.56    1543.56         58 0.0000e+00
       2964  71.842918     36.000     35.789    28.3399    28.3396   5.780831   5.780828     2.8209     3.2080    0.00375    0.00149     0.7552   101.3341    206.919    206.466    35.8411    35.8413    22.9183    22.9186    1543.57    1543.57         22 0.0000e+00
       2983  71.842934     37.000     36.790    28.3216    28.3229   5.780663   5.780712     2.8244     3.2050    0.00299   -0.00044     0.7525   101.3073    207.295    206.293    35.8535    35.8528    22.9337    22.9328    1543.56    1543.56         19 0.0000e+00
       3002  71.842941     38.000     37.794    28.2892    28.2898   5.779844   5.779829     2.8258     3.2082    0.00090   -0.00120     0.7707   101.2398    207.532    206.646    35.8720    35.8715    22.9584    22.9579    1543.52    1543.52         20 0.0000e+00
       3026  71.842949     39.000     38.790    28.2414    28.2425   5.777920   5.777963     2.8297     3.2112   -0.00214    0.00035     0.8000   101.2094    208.031    207.020    35.8946    35.8941    22.9913    22.9905    1543.46    1543.46         29 0.0000e+00
       3064  71.842972     40.000     39.777    28.1800    28.1817   5.775046   5.775118     2.8297     3.2101    0.00191    0.00310     0.8524   101.1819    208.227    207.122    35.9208    35.9200    23.0313    23.0301    1543.37    1543.37         45 0.0000e+00
       3105  71.842987     41.000     40.767    28.1125    28.1135   5.771997   5.772007     2.8286     3.2102   -0.00045    0.00158     0.8479   101.2033    208.342    207.329    35.9505    35.9499    23.0759    23.0751    1543.27    1543.27         34 0.0000e+00
       3136  71.843002     42.000     41.764    28.0578    28.0572   5.768838   5.768777     2.8283     3.2093    0.00056   -0.00091     0.8262   101.2214    208.502    207.439    35.9698    35.9698    23.1085    23.1086    1543.19    1543.19         31 0.0000e+00
