fileExtractor/test/CTD/dfr26001.cnv
* Sea-Bird SBE 9 Data File:
* FileName = C:\SEASOFT\PIRATA-FR26\data\fr26001.hex
* Software Version Seasave V 7.23.2
* Temperature SN = 6083
* Conductivity SN = 4509
* Number of Bytes Per Scan = 34
* Number of Voltage Words = 3
* Number of Scans Averaged by the Deck Unit = 1
* NMEA Latitude = 11 27.90 N
* NMEA Longitude = 023 00.01 W
* NMEA UTC (Time) = Mar 09 2016  17:28:55
** Cruise: PIRATA-FR26
** Ship: THALASSA
** Station: 1
** Bottom Depth: 5116
** Pressure frequency switch pos 2:
** Operator: PR-YG-JG
** Comments:
# nquan = 24
# nvalues = 2022                        
# units = specified
# name 0 = scan: Scan Count
# name 1 = timeJ: Julian Days
# name 2 = prDM: Pressure, Digiquartz [db]
# name 3 = depSM: Depth [salt water, m]
# name 4 = t090C: Temperature [ITS-90, deg C]
# name 5 = t190C: Temperature, 2 [ITS-90, deg C]
# name 6 = c0S/m: Conductivity [S/m]
# name 7 = c1S/m: Conductivity, 2 [S/m]
# name 8 = sbeox0V: Oxygen raw, SBE 43 [V]
# name 9 = sbeox1V: Oxygen raw, SBE 43, 2 [V]
# name 10 = sbeox1dOV/dT: Oxygen, SBE 43, 2 [dov/dt]
# name 11 = sbeox0dOV/dT: Oxygen, SBE 43 [dov/dt]
# name 12 = flECO-AFL: Fluorescence, WET Labs ECO-AFL/FL [mg/m^3]
# name 13 = CStarTr0: Beam Transmission, WET Labs C-Star [%]
# name 14 = sbeox0Mm/Kg: Oxygen, SBE 43 [umol/kg], WS = 2
# name 15 = sbeox1Mm/Kg: Oxygen, SBE 43, 2 [umol/kg], WS = 2
# name 16 = sal00: Salinity, Practical [PSU]
# name 17 = sal11: Salinity, Practical, 2 [PSU]
# name 18 = sigma-é00: Density [sigma-theta, kg/m^3]
# name 19 = sigma-é11: Density, 2 [sigma-theta, kg/m^3]
# name 20 = svCM: Sound Velocity [Chen-Millero, m/s]
# name 21 = svCM1: Sound Velocity, 2 [Chen-Millero, m/s]
# name 22 = nbin: number of scans per bin
# name 23 = flag: flag
# span 0 =       -120,      55327       
# span 1 =  69.728357,  69.755094       
# span 2 =      2.000,   2023.000       
# span 3 =      1.988,   2001.806       
# span 4 =     3.5041,    24.7310       
# span 5 =     3.5043,    24.7305       
# span 6 =   3.295414,   5.383031       
# span 7 =   3.295439,   5.383042       
# span 8 =     0.7870,     2.6805       
# span 9 =     0.8637,     3.0820       
# span 10 =   -0.11891,    0.01238      
# span 11 =   -0.10616,    0.01256      
# span 12 =     0.5175,     2.4359      
# span 13 =    98.9169,   102.6414      
# span 14 =     37.895,    223.784      
# span 15 =     38.049,    223.785      
# span 16 =    34.8049,    35.8078      
# span 17 =    34.8054,    35.8014      
# span 18 =    24.0075,    27.8240      
# span 19 =    24.0081,    27.8241      
# span 20 =    1489.18,    1534.92      
# span 21 =    1489.18,    1534.92      
# span 22 =         11,        127      
# span 23 = 0.0000e+00, 0.0000e+00      
# interval = decibars: 1                
# start_time = Mar 09 2016 17:28:55 [System UTC, header]
# bad_flag = -9.990e-29
*END*
[from data line 242]
      11450  69.733932    244.000    242.457    11.4388    11.4389   3.969949   3.969975     1.1792     1.3112    0.00495    0.00421     0.5437   102.2968     84.932     84.090    35.1284    35.1285    26.8006    26.8007    1499.08    1499.08         16 0.0000e+00
      11465  69.733940    245.000    243.457    11.4359    11.4360   3.969635   3.969699     1.1821     1.3146    0.00537    0.00455     0.5437   102.2773     85.309     84.475    35.1276    35.1282    26.8005    26.8010    1499.08    1499.09         14 0.0000e+00
      11479  69.733948    246.000    244.455    11.4266    11.4268   3.968672   3.968703     1.1838     1.3171    0.00589    0.00504     0.5437   102.2758     85.551     84.771    35.1265    35.1265    26.8015    26.8014    1499.07    1499.07         14 0.0000e+00
      11493  69.733955    247.000    245.452    11.4121    11.4123   3.967141   3.967186     1.1853     1.3196    0.00620    0.00545     0.5437   102.2809     85.784     85.078    35.1246    35.1248    26.8027    26.8028    1499.03    1499.03         16 0.0000e+00
      11511  69.733963    248.000    246.451    11.3976    11.3980   3.965632   3.965709     1.1864     1.3218    0.00619    0.00558     0.5381   102.2798     85.956     85.352    35.1230    35.1234    26.8042    26.8044    1499.00    1499.00         21 0.0000e+00
      11540  69.733978    249.000    247.438    11.3946    11.3946   3.965353   3.965402     1.1871     1.3226    0.00480    0.00365     0.5404   102.2890     86.063     85.462    35.1227    35.1231    26.8045    26.8048    1499.00    1499.00         40 0.0000e+00
      11587  69.734001    250.000    248.420    11.3921    11.3919   3.965165   3.965173     1.1862     1.3223    0.00179    0.00100     0.5512   102.2843     85.959     85.443    35.1227    35.1231    26.8050    26.8053    1499.01    1499.01         44 0.0000e+00
      11621  69.734016    251.000    249.412    11.3826    11.3827   3.964216   3.964279     1.1808     1.3184    0.00011    0.00022     0.5504   102.2871     85.308     85.052    35.1219    35.1225    26.8061    26.8066    1498.99    1498.99         27 0.0000e+00
      11643  69.734032    252.000    250.402    11.3812    11.3813   3.964142   3.964208     1.1764     1.3141   -0.00037   -0.00089     0.5452   102.1889     84.774     84.597    35.1221    35.1227    26.8066    26.8070    1499.00    1499.01         20 0.0000e+00
      11662  69.734039    253.000    251.400    11.3752    11.3753   3.963562   3.963605     1.1736     1.3107   -0.00149   -0.00255     0.5205   102.2992     84.440     84.254    35.1216    35.1219    26.8073    26.8076    1499.00    1499.00         17 0.0000e+00
      11679  69.734047    254.000    252.398    11.3658    11.3658   3.962692   3.962737     1.1712     1.3078   -0.00303   -0.00412     0.5380   102.3035     84.178     83.977    35.1215    35.1219    26.8090    26.8094    1498.98    1498.98         16 0.0000e+00
      11695  69.734055    255.000    253.391    11.3552    11.3552   3.961660   3.961701     1.1679     1.3043   -0.00426   -0.00471     0.5493   102.3035     83.785     83.630    35.1210    35.1213    26.8106    26.8108    1498.96    1498.96         17 0.0000e+00
      11712  69.734062    256.000    254.380    11.3426    11.3426   3.960450   3.960464     1.1625     1.2998   -0.00461   -0.00427     0.5437   102.2959     83.139     83.176    35.1205    35.1206    26.8126    26.8127    1498.93    1498.93         18 0.0000e+00
      11731  69.734070    257.000    255.384    11.3309    11.3308   3.959545   3.959600     1.1527     1.2917   -0.00431   -0.00361     0.5437   102.2843     81.947     82.332    35.1221    35.1228    26.8160    26.8165    1498.91    1498.91         20 0.0000e+00
      11752  69.734085    258.000    256.371    11.3314    11.3320   3.959723   3.959832     1.1423     1.2810   -0.00464   -0.00430     0.5437   102.3049     80.651     81.182    35.1230    35.1235    26.8166    26.8169    1498.93    1498.93         20 0.0000e+00
      11773  69.734093    259.000    257.364    11.3096    11.3100   3.957278   3.957343     1.1365     1.2730   -0.00631   -0.00727     0.5437   102.3048     79.962     80.370    35.1190    35.1194    26.8176    26.8178    1498.87    1498.87         22 0.0000e+00
      11798  69.734100    260.000    258.364    11.3144    11.3146   3.958075   3.958178     1.1289     1.2644   -0.01055   -0.01158     0.5437   102.2954     79.019     79.440    35.1220    35.1228    26.8190    26.8196    1498.90    1498.91         32 0.0000e+00
      11850  69.734131    261.000    259.343    11.3141    11.3142   3.958250   3.958326     1.1125     1.2456   -0.00899   -0.00718     0.5437   102.2991     76.958     77.419    35.1235    35.1242    26.8203    26.8208    1498.92    1498.92         57 0.0000e+00
      11884  69.734146    262.000    260.324    11.3237    11.3229   3.959719   3.959814     1.1005     1.2337   -0.00896   -0.00789     0.5437   102.2722     75.442     76.130    35.1286    35.1302    26.8225    26.8239    1498.98    1498.98         20 0.0000e+00
      11899  69.734154    263.000    261.315    11.3779    11.3798   3.966836   3.967261     1.0879     1.2225   -0.00886   -0.00755     0.5437   102.2856     73.767     74.829    35.1470    35.1494    26.8269    26.8283    1499.20    1499.21         14 0.0000e+00
      11912  69.734161    264.000    262.323    11.3796    11.3798   3.967135   3.967230     1.0762     1.2114   -0.00853   -0.00731     0.5437   102.2910     72.301     73.633    35.1480    35.1487    26.8273    26.8278    1499.23    1499.23         11 0.0000e+00
      11924  69.734161    265.000    263.320    11.3706    11.3707   3.966235   3.966290     1.0664     1.2008   -0.00786   -0.00720     0.5437   102.2873     71.104     72.522    35.1472    35.1476    26.8284    26.8287    1499.21    1499.21         12 0.0000e+00
      11935  69.734169    266.000    264.320    11.3615    11.3615   3.965507   3.965521     1.0575     1.1907   -0.00793   -0.00804     0.5437   102.2757     70.008     71.455    35.1482    35.1483    26.8309    26.8309    1499.20    1499.20         11 0.0000e+00
      11947  69.734177    267.000    265.319    11.3309    11.3303   3.962285   3.962146     1.0496     1.1809   -0.01038   -0.01135     0.5437   102.2758     69.068     70.451    35.1449    35.1441    26.8340    26.8334    1499.10    1499.10         14 0.0000e+00
      11965  69.734184    268.000    266.321    11.3057    11.3060   3.959519   3.959547     1.0414     1.1701   -0.01649   -0.01781     0.5437   102.2684     68.078     69.336    35.1410    35.1411    26.8356    26.8356    1499.03    1499.03         24 0.0000e+00
      12005  69.734200    269.000    267.292    11.3083    11.2994   3.959756   3.958861     1.0330     1.1545   -0.01938   -0.01701     0.5437   102.1490     67.030     67.664    35.1405    35.1401    26.8348    26.8361    1499.05    1499.02         53 0.0000e+00
      12047  69.734222    270.000    268.280    11.2679    11.2686   3.955397   3.955462     1.0305     1.1474   -0.01137   -0.00686     0.5437   102.1037     66.781     66.959    35.1352    35.1352    26.8381    26.8379    1498.92    1498.93         29 0.0000e+00
      12072  69.734238    271.000    269.276    11.2455    11.2456   3.952979   3.953012     1.0309     1.1466   -0.00702   -0.00329     0.5437   102.1943     66.883     66.909    35.1322    35.1324    26.8399    26.8400    1498.86    1498.86         24 0.0000e+00
      12097  69.734245    272.000    270.272    11.2385    11.2385   3.952238   3.952284     1.0318     1.1474   -0.00388   -0.00128     0.5437   102.1996     67.012     67.016    35.1309    35.1315    26.8402    26.8407    1498.85    1498.85         24 0.0000e+00
      12121  69.734261    273.000    271.262    11.2377    11.2378   3.952171   3.952239     1.0328     1.1479   -0.00159   -0.00001     0.5437   102.2559     67.145     67.076    35.1306    35.1312    26.8401    26.8406    1498.86    1498.86         24 0.0000e+00
      12142  69.734268    274.000    272.254    11.2240    11.2244   3.950651   3.950697     1.0331     1.1488   -0.00010    0.00063     0.5437   102.2357     67.214     67.213    35.1281    35.1282    26.8407    26.8407    1498.83    1498.83         20 0.0000e+00
      12161  69.734276    275.000    273.246    11.1991    11.1995   3.947987   3.948018     1.0346     1.1500    0.00082    0.00096     0.5437   102.2602     67.457     67.390    35.1250    35.1248    26.8429    26.8427    1498.75    1498.76         18 0.0000e+00
      12179  69.734283    276.000    274.243    11.1849    11.1856   3.946473   3.946576     1.0361     1.1517    0.00065    0.00089     0.5437   102.2547     67.672     67.604    35.1230    35.1234    26.8439    26.8441    1498.72    1498.72         17 0.0000e+00
      12196  69.734299    277.000    275.241    11.1651    11.1664   3.944260   3.944427     1.0382     1.1536    0.00067    0.00057     0.5437   102.2633     67.977     67.845    35.1194    35.1198    26.8448    26.8448    1498.66    1498.67         18 0.0000e+00
      12216  69.734306    278.000    276.236    11.1363    11.1367   3.941070   3.941108     1.0418     1.1564    0.00136    0.00116     0.5437   102.2536     68.484     68.206    35.1147    35.1147    26.8464    26.8463    1498.57    1498.57         21 0.0000e+00
      12240  69.734314    279.000    277.225    11.0981    11.0983   3.936941   3.936960     1.0473     1.1615    0.00218    0.00219     0.5437   102.2676     69.252     68.832    35.1095    35.1095    26.8494    26.8493    1498.45    1498.45         28 0.0000e+00
      12267  69.734329    280.000    278.210    11.0629    11.0629   3.933111   3.933115     1.0543     1.1687    0.00296    0.00360     0.5437   102.2737     70.207     69.681    35.1045    35.1046    26.8519    26.8519    1498.34    1498.34         25 0.0000e+00
      12290  69.734344    281.000    279.202    11.0591    11.0591   3.932735   3.932752     1.0587     1.1741    0.00437    0.00486     0.5437   102.2759     70.771     70.286    35.1039    35.1041    26.8521    26.8523    1498.34    1498.34         20 0.0000e+00
      12309  69.734352    282.000    280.200    11.0521    11.0525   3.931968   3.932035     1.0610     1.1774    0.00550    0.00584     0.5437   102.2773     71.089     70.661    35.1026    35.1028    26.8524    26.8525    1498.33    1498.33         19 0.0000e+00
      12329  69.734360    283.000    281.200    11.0308    11.0308   3.929714   3.929716     1.0636     1.1804    0.00625    0.00600     0.5437   102.2667     71.457     71.028    35.1000    35.0999    26.8542    26.8542    1498.27    1498.27         21 0.0000e+00
      12352  69.734367    284.000    282.192    11.0123    11.0117   3.927734   3.927707     1.0663     1.1836    0.00554    0.00443     0.5437   102.2725     71.840     71.423    35.0974    35.0977    26.8556    26.8559    1498.22    1498.22         26 0.0000e+00
      12381  69.734383    285.000    283.180    10.9969    10.9967   3.926121   3.926126     1.0698     1.1873    0.00388    0.00306     0.5437   102.2650     72.318     71.859    35.0955    35.0958    26.8570    26.8572    1498.18    1498.18         31 0.0000e+00
      12411  69.734398    286.000    284.168    10.9842    10.9849   3.924776   3.924891     1.0727     1.1910    0.00340    0.00289     0.5437   102.2738     72.718     72.292    35.0938    35.0943    26.8579    26.8582    1498.15    1498.15         27 0.0000e+00
      12435  69.734413    287.000    285.163    10.9761    10.9763   3.923911   3.923966     1.0748     1.1932    0.00308    0.00285     0.5437   102.2758     73.017     72.553    35.0925    35.0928    26.8584    26.8586    1498.13    1498.14         23 0.0000e+00
      12456  69.734421    288.000    286.156    10.9641    10.9643   3.922646   3.922687     1.0769     1.1952    0.00307    0.00255     0.5437   102.2758     73.311     72.808    35.0908    35.0911    26.8593    26.8594    1498.11    1498.11         20 0.0000e+00
      12477  69.734428    289.000    287.154    10.9492    10.9492   3.921080   3.921110     1.0790     1.1977    0.00269    0.00230     0.5437   102.2758     73.610     73.117    35.0889    35.0893    26.8605    26.8608    1498.07    1498.07         20 0.0000e+00
      12497  69.734444    290.000    288.149    10.9428    10.9425   3.920385   3.920400     1.0817     1.2007    0.00216    0.00221     0.5437   102.2758     73.972     73.464    35.0877    35.0881    26.8608    26.8611    1498.06    1498.06         22 0.0000e+00
      12521  69.734451    291.000    289.138    10.9374    10.9375   3.919818   3.919893     1.0842     1.2036    0.00254    0.00230     0.5437   102.2726     74.314     73.795    35.0867    35.0874    26.8610    26.8615    1498.06    1498.06         26 0.0000e+00
      12548  69.734467    292.000    290.129    10.9343    10.9343   3.919497   3.919551     1.0854     1.2064    0.00319    0.00279     0.5437   102.2726     74.482     74.122    35.0861    35.0866    26.8611    26.8615    1498.06    1498.06         26 0.0000e+00
      12573  69.734474    293.000    291.118    10.9141    10.9140   3.917348   3.917339     1.0865     1.2080    0.00315    0.00284     0.5437   102.2709     74.657     74.334    35.0834    35.0834    26.8626    26.8627    1498.01    1498.00         23 0.0000e+00
      12594  69.734489    294.000    292.114    10.8952    10.8953   3.915377   3.915402     1.0868     1.2088    0.00273    0.00181     0.5437   102.2618     74.737     74.466    35.0813    35.0815    26.8644    26.8646    1497.95    1497.95         20 0.0000e+00
      12613  69.734497    295.000    293.106    10.8856    10.8861   3.914399   3.914479     1.0868     1.2089    0.00233    0.00098     0.5437   102.2759     74.763     74.505    35.0803    35.0806    26.8653    26.8655    1497.93    1497.94         18 0.0000e+00
      12631  69.734505    296.000    294.108    10.8568    10.8571   3.911394   3.911400     1.0875     1.2096    0.00156    0.00089     0.5437   102.2758     74.912     74.633    35.0773    35.0770    26.8683    26.8680    1497.85    1497.85         19 0.0000e+00
      12652  69.734512    297.000    295.103    10.8428    10.8429   3.909964   3.910014     1.0886     1.2107    0.00092    0.00048     0.5437   102.2758     75.086     74.794    35.0759    35.0763    26.8697    26.8700    1497.81    1497.81         25 0.0000e+00
      12681  69.734528    298.000    296.087    10.8385    10.8386   3.909523   3.909588     1.0896     1.2114    0.00048    0.00039     0.5437   102.2758     75.235     74.888    35.0751    35.0757    26.8699    26.8703    1497.81    1497.81         31 0.0000e+00
      12710  69.734543    299.000    297.074    10.8296    10.8299   3.908633   3.908707     1.0897     1.2115    0.00124    0.00120     0.5259   102.2747     75.269     74.919    35.0743    35.0748    26.8709    26.8711    1497.80    1497.80         25 0.0000e+00
      12732  69.734550    300.000    298.067    10.8302    10.8305   3.908829   3.908947     1.0884     1.2109    0.00078    0.00105     0.5498   102.2718     75.117     74.860    35.0753    35.0761    26.8715    26.8721    1497.82    1497.82         21 0.0000e+00
      12751  69.734566    301.000    299.066    10.8385    10.8386   3.909923   3.910033     1.0841     1.2076    0.00035    0.00036     0.5419   102.2628     74.560     74.492    35.0779    35.0788    26.8721    26.8728    1497.86    1497.87         17 0.0000e+00
      12768  69.734573    302.000    300.060    10.8493    10.8488   3.911324   3.911367     1.0773     1.2024    0.00003   -0.00002     0.5504   102.2772     73.675     73.915    35.0811    35.0820    26.8727    26.8735    1497.92    1497.92         18 0.0000e+00
