fileExtractor/test/CTD/dfr26001.cnv
* Sea-Bird SBE 9 Data File:
* FileName = C:\SEASOFT\PIRATA-FR26\data\fr26001.hex
* Software Version Seasave V 7.23.2
* Temperature SN = 6083
* Conductivity SN = 4509
* Number of Bytes Per Scan = 34
* Number of Voltage Words = 3
* Number of Scans Averaged by the Deck Unit = 1
* NMEA Latitude = 11 27.90 N
* NMEA Longitude = 023 00.01 W
* NMEA UTC (Time) = Mar 09 2016  17:28:55
** Cruise: PIRATA-FR26
** Ship: THALASSA
** Station: 1
** Bottom Depth: 5116
** Pressure frequency switch pos 2:
** Operator: PR-YG-JG
** Comments:
# nquan = 24
# nvalues = 2022                        
# units = specified
# name 0 = scan: Scan Count
# name 1 = timeJ: Julian Days
# name 2 = prDM: Pressure, Digiquartz [db]
# name 3 = depSM: Depth [salt water, m]
# name 4 = t090C: Temperature [ITS-90, deg C]
# name 5 = t190C: Temperature, 2 [ITS-90, deg C]
# name 6 = c0S/m: Conductivity [S/m]
# name 7 = c1S/m: Conductivity, 2 [S/m]
# name 8 = sbeox0V: Oxygen raw, SBE 43 [V]
# name 9 = sbeox1V: Oxygen raw, SBE 43, 2 [V]
# name 10 = sbeox1dOV/dT: Oxygen, SBE 43, 2 [dov/dt]
# name 11 = sbeox0dOV/dT: Oxygen, SBE 43 [dov/dt]
# name 12 = flECO-AFL: Fluorescence, WET Labs ECO-AFL/FL [mg/m^3]
# name 13 = CStarTr0: Beam Transmission, WET Labs C-Star [%]
# name 14 = sbeox0Mm/Kg: Oxygen, SBE 43 [umol/kg], WS = 2
# name 15 = sbeox1Mm/Kg: Oxygen, SBE 43, 2 [umol/kg], WS = 2
# name 16 = sal00: Salinity, Practical [PSU]
# name 17 = sal11: Salinity, Practical, 2 [PSU]
# name 18 = sigma-é00: Density [sigma-theta, kg/m^3]
# name 19 = sigma-é11: Density, 2 [sigma-theta, kg/m^3]
# name 20 = svCM: Sound Velocity [Chen-Millero, m/s]
# name 21 = svCM1: Sound Velocity, 2 [Chen-Millero, m/s]
# name 22 = nbin: number of scans per bin
# name 23 = flag: flag
# span 0 =       -120,      55327       
# span 1 =  69.728357,  69.755094       
# span 2 =      2.000,   2023.000       
# span 3 =      1.988,   2001.806       
# span 4 =     3.5041,    24.7310       
# span 5 =     3.5043,    24.7305       
# span 6 =   3.295414,   5.383031       
# span 7 =   3.295439,   5.383042       
# span 8 =     0.7870,     2.6805       
# span 9 =     0.8637,     3.0820       
# span 10 =   -0.11891,    0.01238      
# span 11 =   -0.10616,    0.01256      
# span 12 =     0.5175,     2.4359      
# span 13 =    98.9169,   102.6414      
# span 14 =     37.895,    223.784      
# span 15 =     38.049,    223.785      
# span 16 =    34.8049,    35.8078      
# span 17 =    34.8054,    35.8014      
# span 18 =    24.0075,    27.8240      
# span 19 =    24.0081,    27.8241      
# span 20 =    1489.18,    1534.92      
# span 21 =    1489.18,    1534.92      
# span 22 =         11,        127      
# span 23 = 0.0000e+00, 0.0000e+00      
# interval = decibars: 1                
# start_time = Mar 09 2016 17:28:55 [System UTC, header]
# bad_flag = -9.990e-29
*END*
[from data line 1570]
      42906  69.749107   1572.000   1557.170     4.1322     4.1322   3.333667   3.333695     1.6535     1.8645    0.00025    0.00040     0.5346   102.6144    204.528    204.114    34.9700    34.9702    27.7620    27.7622    1493.11    1493.11         18 0.0000e+00
      42924  69.749115   1573.000   1558.156     4.1293     4.1294   3.333430   3.333475     1.6538     1.8645    0.00027    0.00034     0.5375   102.6206    204.629    204.157    34.9698    34.9702    27.7621    27.7624    1493.11    1493.11         20 0.0000e+00
      42945  69.749123   1574.000   1559.145     4.1301     4.1302   3.333608   3.333633     1.6544     1.8646   -0.00000    0.00024     0.5569   102.6122    204.746    204.196    34.9705    34.9707    27.7626    27.7628    1493.13    1493.13         22 0.0000e+00
      42969  69.749138   1575.000   1560.134     4.1317     4.1322   3.333886   3.333968     1.6551     1.8656    0.00009    0.00025     0.5594   102.6162    204.890    204.365    34.9716    34.9720    27.7633    27.7636    1493.16    1493.16         27 0.0000e+00
      43016  69.749161   1576.000   1561.114     4.1384     4.1396   3.334544   3.334722     1.6575     1.8680    0.00047    0.00068     0.5419   102.6077    205.312    204.718    34.9718    34.9726    27.7628    27.7633    1493.20    1493.21         64 0.0000e+00
      43060  69.749184   1577.000   1562.084     4.1398     4.1408   3.334894   3.335048     1.6583     1.8701    0.00111    0.00148     0.5437   102.6179    205.457    205.052    34.9739    34.9747    27.7643    27.7648    1493.23    1493.23         21 0.0000e+00
      43075  69.749184   1578.000   1563.070     4.1356     4.1357   3.334548   3.334562     1.6586     1.8702    0.00154    0.00148     0.5437   102.6167    205.564    205.126    34.9738    34.9739    27.7647    27.7648    1493.22    1493.23         13 0.0000e+00
      43088  69.749191   1579.000   1564.070     4.1313     4.1313   3.334167   3.334202     1.6591     1.8704    0.00162    0.00095     0.5437   102.6174    205.713    205.203    34.9733    34.9737    27.7647    27.7651    1493.22    1493.22         12 0.0000e+00
      43099  69.749199   1580.000   1565.061     4.1290     4.1291   3.333969   3.334007     1.6592     1.8705    0.00145    0.00053     0.5539   102.6183    205.769    205.257    34.9730    34.9733    27.7648    27.7650    1493.23    1493.23         11 0.0000e+00
      43111  69.749207   1581.000   1566.060     4.1262     4.1262   3.333728   3.333746     1.6594     1.8706    0.00096    0.00020     0.5641   102.6104    205.850    205.318    34.9726    34.9728    27.7648    27.7649    1493.23    1493.23         12 0.0000e+00
      43124  69.749214   1582.000   1567.059     4.1175     4.1176   3.332942   3.332947     1.6602     1.8706    0.00058    0.00016     0.5554   102.6083    206.066    205.395    34.9720    34.9720    27.7652    27.7652    1493.21    1493.21         16 0.0000e+00
      43155  69.749222   1583.000   1568.031     4.1209     4.1199   3.333281   3.333221     1.6612     1.8714    0.00031    0.00055     0.5410   102.5837    206.248    205.534    34.9720    34.9723    27.7648    27.7652    1493.24    1493.24         51 0.0000e+00
      43200  69.749245   1584.000   1569.001     4.1183     4.1174   3.333076   3.332998     1.6618     1.8722    0.00037    0.00092     0.5404   102.5429    206.396    205.696    34.9718    34.9719    27.7649    27.7651    1493.25    1493.25         28 0.0000e+00
      43224  69.749260   1585.000   1569.996     4.1079     4.1080   3.332125   3.332150     1.6618     1.8728    0.00068    0.00069     0.5514   102.5749    206.477    205.875    34.9710    34.9713    27.7654    27.7656    1493.22    1493.22         24 0.0000e+00
      43248  69.749268   1586.000   1570.986     4.1053     4.1053   3.331896   3.331925     1.6618     1.8730    0.00033    0.00031     0.5438   102.6033    206.519    205.939    34.9706    34.9710    27.7654    27.7657    1493.23    1493.23         25 0.0000e+00
      43274  69.749283   1587.000   1571.973     4.1026     4.1027   3.331665   3.331688     1.6616     1.8730    0.00053    0.00006     0.5369   102.6051    206.538    205.990    34.9703    34.9705    27.7654    27.7656    1493.23    1493.23         27 0.0000e+00
      43302  69.749298   1588.000   1572.954     4.1013     4.1015   3.331599   3.331640     1.6614     1.8730    0.00025   -0.00001     0.5360   102.6049    206.526    206.024    34.9704    34.9707    27.7656    27.7659    1493.24    1493.25         28 0.0000e+00
      43328  69.749306   1589.000   1573.943     4.1017     4.1018   3.331681   3.331723     1.6609     1.8730    0.00004   -0.00009     0.5351   102.6082    206.456    206.048    34.9705    34.9709    27.7657    27.7660    1493.26    1493.26         25 0.0000e+00
      43353  69.749321   1590.000   1574.933     4.1014     4.1015   3.331712   3.331745     1.6607     1.8730    0.00005   -0.00015     0.5366   102.6082    206.456    206.077    34.9706    34.9709    27.7658    27.7661    1493.28    1493.28         26 0.0000e+00
      43379  69.749336   1591.000   1575.916     4.1010     4.1011   3.331731   3.331769     1.6606     1.8730    0.00005   -0.00045     0.5482   102.6082    206.460    206.106    34.9709    34.9712    27.7661    27.7663    1493.29    1493.29         26 0.0000e+00
      43404  69.749344   1592.000   1576.897     4.0997     4.0998   3.331648   3.331697     1.6606     1.8730    0.00004   -0.00024     0.5634   102.6172    206.494    206.140    34.9707    34.9712    27.7661    27.7665    1493.31    1493.31         22 0.0000e+00
      43425  69.749359   1593.000   1577.889     4.0981     4.0982   3.331548   3.331580     1.6606     1.8730    0.00005   -0.00015     0.5513   102.6064    206.530    206.176    34.9707    34.9710    27.7663    27.7664    1493.32    1493.32         19 0.0000e+00
      43443  69.749367   1594.000   1578.878     4.0957     4.0956   3.331386   3.331387     1.6606     1.8730    0.00004   -0.00008     0.5421   102.6183    206.571    206.217    34.9709    34.9710    27.7667    27.7667    1493.32    1493.32         19 0.0000e+00
      43462  69.749374   1595.000   1579.872     4.0899     4.0899   3.330875   3.330900     1.6611     1.8731   -0.00010    0.00009     0.5366   102.6149    206.719    206.286    34.9704    34.9708    27.7669    27.7672    1493.31    1493.31         21 0.0000e+00
      43489  69.749390   1596.000   1580.856     4.0886     4.0887   3.330789   3.330827     1.6618     1.8736   -0.00002   -0.00001     0.5390   102.6163    206.883    206.401    34.9704    34.9707    27.7670    27.7672    1493.33    1493.33         34 0.0000e+00
      43523  69.749405   1597.000   1581.830     4.0881     4.0882   3.330779   3.330813     1.6622     1.8743    0.00005    0.00044     0.5373   102.6119    206.989    206.532    34.9703    34.9706    27.7670    27.7673    1493.34    1493.34         29 0.0000e+00
      43546  69.749413   1598.000   1582.817     4.0868     4.0868   3.330700   3.330726     1.6626     1.8744    0.00040    0.00063     0.5567   102.5890    207.084    206.583    34.9702    34.9706    27.7671    27.7674    1493.35    1493.35         19 0.0000e+00
      43564  69.749420   1599.000   1583.805     4.0857     4.0857   3.330640   3.330659     1.6624     1.8745    0.00065    0.00043     0.5666   102.6118    207.088    206.632    34.9702    34.9704    27.7672    27.7673    1493.36    1493.36         16 0.0000e+00
      43579  69.749428   1600.000   1584.802     4.0842     4.0842   3.330521   3.330562     1.6621     1.8742    0.00049    0.00031     0.5640   102.6175    207.072    206.632    34.9699    34.9703    27.7671    27.7675    1493.37    1493.37         15 0.0000e+00
      43595  69.749435   1601.000   1585.792     4.0823     4.0823   3.330389   3.330405     1.6620     1.8744    0.00021    0.00030     0.5418   102.6100    207.091    206.693    34.9698    34.9701    27.7673    27.7675    1493.38    1493.38         17 0.0000e+00
      43617  69.749451   1602.000   1586.786     4.0793     4.0793   3.330150   3.330167     1.6620     1.8748    0.00008    0.00003     0.5435   102.6084    207.137    206.796    34.9697    34.9699    27.7675    27.7676    1493.39    1493.39         32 0.0000e+00
      43669  69.749474   1603.000   1587.747     4.0830     4.0814   3.330514   3.330372     1.6630     1.8755    0.00012   -0.00020     0.5437   102.6082    207.320    206.929    34.9696    34.9697    27.7670    27.7672    1493.42    1493.41         50 0.0000e+00
      43697  69.749489   1604.000   1588.740     4.0724     4.0725   3.329567   3.329591     1.6630     1.8755    0.00066    0.00034     0.5421   102.6082    207.409    206.996    34.9691    34.9693    27.7677    27.7679    1493.39    1493.39         21 0.0000e+00
      43717  69.749496   1605.000   1589.734     4.0691     4.0693   3.329298   3.329326     1.6630     1.8755    0.00027    0.00058     0.5344   102.6124    207.453    207.043    34.9689    34.9692    27.7679    27.7681    1493.39    1493.39         20 0.0000e+00
      43738  69.749504   1606.000   1590.725     4.0688     4.0690   3.329331   3.329370     1.6630     1.8755    0.00004    0.00024     0.5613   102.6082    207.480    207.071    34.9691    34.9695    27.7682    27.7684    1493.41    1493.41         24 0.0000e+00
      43765  69.749519   1607.000   1591.706     4.0665     4.0665   3.329126   3.329159     1.6634     1.8755   -0.00012 -9.202e-07     0.5370   102.6112    207.593    207.112    34.9688    34.9691    27.7681    27.7684    1493.41    1493.42         28 0.0000e+00
      43792  69.749535   1608.000   1592.691     4.0628     4.0630   3.328813   3.328854     1.6634     1.8755    0.00000    0.00017     0.5390   102.6200    207.646    207.158    34.9684    34.9687    27.7682    27.7685    1493.42    1493.42         26 0.0000e+00
      43818  69.749542   1609.000   1593.678     4.0588     4.0589   3.328459   3.328488     1.6636     1.8755    0.00013    0.00018     0.5438   102.6080    207.722    207.208    34.9680    34.9682    27.7683    27.7685    1493.42    1493.42         26 0.0000e+00
      43844  69.749557   1610.000   1594.665     4.0549     4.0549   3.328120   3.328151     1.6638     1.8755    0.00003    0.00008     0.5437   102.6082    207.805    207.272    34.9677    34.9680    27.7685    27.7688    1493.42    1493.42         26 0.0000e+00
      43868  69.749573   1611.000   1595.652     4.0529     4.0532   3.327986   3.328030     1.6640     1.8763    0.00025   -0.00001     0.5437   102.6082    207.879    207.428    34.9677    34.9679    27.7687    27.7688    1493.42    1493.43         23 0.0000e+00
      43890  69.749580   1612.000   1596.638     4.0599     4.0600   3.328851   3.328919     1.6638     1.8761    0.00015    0.00036     0.5437   102.6082    207.841    207.384    34.9700    34.9707    27.7698    27.7704    1493.47    1493.47         22 0.0000e+00
      43912  69.749588   1613.000   1597.624     4.0639     4.0641   3.329350   3.329402     1.6641     1.8765    0.00011   -0.00007     0.5407   102.6163    207.883    207.436    34.9712    34.9715    27.7704    27.7706    1493.51    1493.51         21 0.0000e+00
      43932  69.749603   1614.000   1598.609     4.0649     4.0650   3.329493   3.329535     1.6646     1.8766    0.00034    0.00018     0.5404   102.6155    208.006    207.483    34.9713    34.9717    27.7704    27.7707    1493.53    1493.53         19 0.0000e+00
      43950  69.749611   1615.000   1599.596     4.0636     4.0637   3.329436   3.329472     1.6649     1.8767   -0.00001    0.00010     0.5571   102.6220    208.089    207.537    34.9715    34.9718    27.7706    27.7709    1493.54    1493.54         18 0.0000e+00
      43968  69.749619   1616.000   1600.593     4.0617     4.0618   3.329305   3.329343     1.6657     1.8771    0.00006    0.00004     0.5406   102.6009    208.270    207.637    34.9715    34.9718    27.7709    27.7711    1493.55    1493.55         18 0.0000e+00
      43992  69.749626   1617.000   1601.584     4.0604     4.0605   3.329230   3.329268     1.6662     1.8779    0.00025    0.00049     0.5390   102.6179    208.386    207.782    34.9715    34.9718    27.7710    27.7712    1493.56    1493.56         34 0.0000e+00
      44034  69.749649   1618.000   1602.547     4.0602     4.0598   3.329240   3.329236     1.6675     1.8788    0.00058    0.00071     0.5442   102.6202    208.652    207.959    34.9714    34.9717    27.7709    27.7713    1493.58    1493.57         37 0.0000e+00
      44058  69.749664   1619.000   1603.538     4.0593     4.0594   3.329217   3.329245     1.6679     1.8798    0.00052    0.00056     0.5437   102.6213    208.758    208.147    34.9715    34.9718    27.7711    27.7713    1493.59    1493.59         19 0.0000e+00
      44076  69.749672   1620.000   1604.537     4.0589     4.0590   3.329214   3.329247     1.6679     1.8801    0.00039    0.00079     0.5437   102.6342    208.785    208.211    34.9714    34.9717    27.7711    27.7713    1493.60    1493.60         18 0.0000e+00
      44096  69.749680   1621.000   1605.528     4.0584     4.0585   3.329216   3.329249     1.6679     1.8804    0.00084    0.00071     0.5437   102.6286    208.815    208.290    34.9714    34.9717    27.7712    27.7714    1493.62    1493.62         22 0.0000e+00
      44129  69.749695   1622.000   1606.509     4.0573     4.0574   3.329150   3.329182     1.6679     1.8810    0.00062    0.00023     0.5437   102.6222    208.849    208.414    34.9714    34.9717    27.7713    27.7715    1493.63    1493.63         44 0.0000e+00
      44167  69.749718   1623.000   1607.479     4.0554     4.0555   3.329020   3.329058     1.6688     1.8817    0.00021    0.00002     0.5437   102.6311    209.046    208.557    34.9714    34.9718    27.7715    27.7718    1493.64    1493.64         26 0.0000e+00
      44188  69.749725   1624.000   1608.473     4.0522     4.0523   3.328764   3.328791     1.6688     1.8821    0.00057    0.00005     0.5437   102.6316    209.094    208.671    34.9712    34.9714    27.7717    27.7719    1493.64    1493.64         19 0.0000e+00
      44205  69.749733   1625.000   1609.469     4.0476     4.0477   3.328400   3.328418     1.6686     1.8818    0.00081    0.00024     0.5382   102.6277    209.114    208.687    34.9713    34.9714    27.7723    27.7723    1493.64    1493.64         17 0.0000e+00
      44224  69.749741   1626.000   1610.463     4.0455     4.0456   3.328246   3.328287     1.6691     1.8817    0.00027    0.00058     0.5421   102.6267    209.241    208.709    34.9713    34.9716    27.7725    27.7727    1493.65    1493.65         21 0.0000e+00
      44252  69.749756   1627.000   1611.445     4.0444     4.0446   3.328199   3.328239     1.6696     1.8826    0.00019    0.00008     0.5376   102.6166    209.370    208.870    34.9713    34.9716    27.7726    27.7728    1493.66    1493.66         39 0.0000e+00
      44291  69.749771   1628.000   1612.414     4.0444     4.0445   3.328238   3.328284     1.6704     1.8828    0.00005    0.00028     0.5354   102.6195    209.530    208.932    34.9714    34.9718    27.7726    27.7730    1493.68    1493.68         30 0.0000e+00
      44313  69.749786   1629.000   1613.407     4.0438     4.0439   3.328231   3.328276     1.6703     1.8828    0.00055    0.00050     0.5405   102.6331    209.552    208.961    34.9714    34.9718    27.7727    27.7731    1493.69    1493.69         19 0.0000e+00
      44331  69.749794   1630.000   1614.396     4.0427     4.0428   3.328182   3.328220     1.6703     1.8828    0.00032    0.00077     0.5369   102.6267    209.586    208.995    34.9715    34.9718    27.7729    27.7732    1493.70    1493.70         18 0.0000e+00
      44349  69.749802   1631.000   1615.389     4.0413     4.0414   3.328113   3.328144     1.6703     1.8831    0.00019    0.00036     0.5436   102.6261    209.621    209.073    34.9716    34.9719    27.7732    27.7734    1493.71    1493.72         17 0.0000e+00
