fileExtractor/test/CTD/dfr26003.cnv
* Sea-Bird SBE 9 Data File:
* FileName = C:\SEASOFT\PIRATA-FR26\data\fr26003.hex
* Software Version Seasave V 7.23.2
* Temperature SN = 6083
* Conductivity SN = 4509
* Number of Bytes Per Scan = 34
* Number of Voltage Words = 3
* Number of Scans Averaged by the Deck Unit = 1
* NMEA Latitude = 01 30.17 N
* NMEA Longitude = 023 00.17 W
* NMEA UTC (Time) = Mar 12 2016  01:30:55
** Cruise: PIRATA-FR26
** Ship: THALASSA
** Station: 3
** Bottom Depth: 3651
** Pressure frequency switch pos 2 before station: 33113.16
** Pressure frequency switch pos 2 after station: 33092.5
** Operator: GH-JH
** Comments:
# nquan = 24
# nvalues = 2021                        
# units = specified
# name 0 = scan: Scan Count
# name 1 = timeJ: Julian Days
# name 2 = prDM: Pressure, Digiquartz [db]
# name 3 = depSM: Depth [salt water, m]
# name 4 = t090C: Temperature [ITS-90, deg C]
# name 5 = t190C: Temperature, 2 [ITS-90, deg C]
# name 6 = c0S/m: Conductivity [S/m]
# name 7 = c1S/m: Conductivity, 2 [S/m]
# name 8 = sbeox0V: Oxygen raw, SBE 43 [V]
# name 9 = sbeox1V: Oxygen raw, SBE 43, 2 [V]
# name 10 = sbeox1dOV/dT: Oxygen, SBE 43, 2 [dov/dt]
# name 11 = sbeox0dOV/dT: Oxygen, SBE 43 [dov/dt]
# name 12 = flECO-AFL: Fluorescence, WET Labs ECO-AFL/FL [mg/m^3]
# name 13 = CStarTr0: Beam Transmission, WET Labs C-Star [%]
# name 14 = sbeox0Mm/Kg: Oxygen, SBE 43 [umol/kg], WS = 2
# name 15 = sbeox1Mm/Kg: Oxygen, SBE 43, 2 [umol/kg], WS = 2
# name 16 = sal00: Salinity, Practical [PSU]
# name 17 = sal11: Salinity, Practical, 2 [PSU]
# name 18 = sigma-é00: Density [sigma-theta, kg/m^3]
# name 19 = sigma-é11: Density, 2 [sigma-theta, kg/m^3]
# name 20 = svCM: Sound Velocity [Chen-Millero, m/s]
# name 21 = svCM1: Sound Velocity, 2 [Chen-Millero, m/s]
# name 22 = nbin: number of scans per bin
# name 23 = flag: flag
# span 0 =         60,      63213       
# span 1 =  72.063165,  72.093621       
# span 2 =      3.000,   2023.000       
# span 3 =      2.988,   2002.207       
# span 4 =     3.5841,    29.2195       
# span 5 =     3.5843,    29.2199       
# span 6 =   3.302219,   5.893496       
# span 7 =   3.302274,   5.893611       
# span 8 =     1.2408,     2.7940       
# span 9 =     1.3974,     3.1813       
# span 10 =   -0.04440,    0.00883      
# span 11 =   -0.04251,    0.00873      
# span 12 =     0.5131,     2.1662      
# span 13 =    99.0981,   102.4976      
# span 14 =     93.324,    236.904      
# span 15 =     94.053,    236.769      
# span 16 =    34.5081,    36.1170      
# span 17 =    34.5088,    36.1174      
# span 18 =    22.6463,    27.8165      
# span 19 =    22.6447,    27.8166      
# span 20 =    1483.58,    1544.98      
# span 21 =    1483.58,    1544.99      
# span 22 =         12,        137      
# span 23 = 0.0000e+00, 0.0000e+00      
# interval = decibars: 1                
# start_time = Mar 12 2016 01:30:55 [System UTC, header]
# bad_flag = -9.990e-29
*END*
[from data line 1691]
      50420  72.087448   1694.000   1677.876     4.0607     4.0611   3.332913   3.332964     1.7838     2.0157   -0.00013   -0.00020     0.5408   102.4728    231.716    231.297    34.9771    34.9773    27.7762    27.7763    1494.86    1494.86         44 0.0000e+00
      50457  72.087471   1695.000   1678.857     4.0568     4.0572   3.332596   3.332643     1.7842     2.0159   -0.00018    0.00014     0.5574   102.4788    231.847    231.383    34.9770    34.9771    27.7765    27.7766    1494.86    1494.86         28 0.0000e+00
      50480  72.087479   1696.000   1679.844     4.0531     4.0534   3.332319   3.332361     1.7844     2.0159    0.00063    0.00026     0.5419   102.4949    231.922    231.436    34.9771    34.9773    27.7770    27.7771    1494.86    1494.86         20 0.0000e+00
      50499  72.087486   1697.000   1680.836     4.0516     4.0518   3.332225   3.332266     1.7849     2.0159    0.00023    0.00020     0.5404   102.4915    232.049    231.476    34.9771    34.9773    27.7772    27.7773    1494.87    1494.87         19 0.0000e+00
      50519  72.087502   1698.000   1681.829     4.0505     4.0508   3.332155   3.332204     1.7847     2.0159    0.00001    0.00027     0.5437   102.4905    232.065    231.513    34.9770    34.9773    27.7772    27.7774    1494.88    1494.88         20 0.0000e+00
      50541  72.087509   1699.000   1682.815     4.0498     4.0500   3.332138   3.332185     1.7851     2.0159   -0.00001    0.00029     0.5437   102.4875    232.157    231.547    34.9770    34.9774    27.7773    27.7776    1494.89    1494.90         25 0.0000e+00
      50570  72.087524   1700.000   1683.799     4.0491     4.0493   3.332122   3.332155     1.7851     2.0163    0.00002    0.00019     0.5437   102.4896    232.200    231.644    34.9771    34.9772    27.7774    27.7775    1494.91    1494.91         36 0.0000e+00
      50608  72.087540   1701.000   1684.780     4.0483     4.0486   3.332083   3.332122     1.7851     2.0166    0.00021    0.00018     0.5358   102.4786    232.235    231.730    34.9770    34.9772    27.7774    27.7776    1494.92    1494.92         36 0.0000e+00
      50639  72.087555   1702.000   1685.763     4.0465     4.0468   3.331963   3.332019     1.7851     2.0167    0.00012   -0.00001     0.5388   102.4899    232.277    231.781    34.9770    34.9774    27.7776    27.7779    1494.93    1494.93         25 0.0000e+00
      50660  72.087570   1703.000   1686.751     4.0445     4.0448   3.331827   3.331873     1.7851     2.0165    0.00021    0.00007     0.5436   102.4808    232.320    231.797    34.9770    34.9773    27.7778    27.7780    1494.94    1494.94         20 0.0000e+00
      50680  72.087578   1704.000   1687.743     4.0421     4.0423   3.331648   3.331692     1.7851     2.0164    0.00018   -0.00007     0.5389   102.4899    232.366    231.829    34.9770    34.9772    27.7781    27.7783    1494.95    1494.95         19 0.0000e+00
      50700  72.087585   1705.000   1688.737     4.0372     4.0375   3.331246   3.331292     1.7851     2.0165    0.00007    0.00001     0.5381   102.4813    232.427    231.913    34.9769    34.9771    27.7786    27.7787    1494.94    1494.94         22 0.0000e+00
      50729  72.087601   1706.000   1689.721     4.0351     4.0353   3.331098   3.331139     1.7851     2.0168   -0.00021   -0.00001     0.5388   102.4766    232.470    232.001    34.9769    34.9771    27.7788    27.7789    1494.95    1494.95         38 0.0000e+00
      50770  72.087624   1707.000   1690.695     4.0335     4.0338   3.330991   3.331041     1.7856     2.0174    0.00028    0.00003     0.5369   102.4923    232.593    232.130    34.9768    34.9771    27.7789    27.7790    1494.96    1494.96         37 0.0000e+00
      50799  72.087631   1708.000   1691.681     4.0306     4.0309   3.330778   3.330829     1.7856     2.0177    0.00030    0.00009     0.5397   102.4810    232.642    232.222    34.9769    34.9772    27.7792    27.7795    1494.96    1494.97         24 0.0000e+00
      50820  72.087646   1709.000   1692.669     4.0297     4.0299   3.330720   3.330776     1.7852     2.0176    0.00017    0.00031     0.5437   102.4882    232.620    232.254    34.9767    34.9771    27.7792    27.7795    1494.98    1494.98         18 0.0000e+00
      50837  72.087654   1710.000   1693.657     4.0280     4.0283   3.330619   3.330665     1.7852     2.0172    0.00043    0.00022     0.5437   102.4909    232.649    232.233    34.9768    34.9771    27.7794    27.7796    1494.99    1494.99         17 0.0000e+00
      50854  72.087662   1711.000   1694.652     4.0231     4.0233   3.330233   3.330275     1.7851     2.0169    0.00037    0.00002     0.5437   102.4957    232.698    232.240    34.9769    34.9772    27.7801    27.7803    1494.98    1494.98         17 0.0000e+00
      50873  72.087669   1712.000   1695.645     4.0214     4.0216   3.330128   3.330165     1.7852     2.0162    0.00000   -0.00021     0.5437   102.4828    232.748    232.179    34.9770    34.9772    27.7803    27.7805    1494.99    1494.99         22 0.0000e+00
      50909  72.087685   1713.000   1696.625     4.0187     4.0198   3.329943   3.330038     1.7857     2.0170   -0.00049   -0.00011     0.5437   102.4920    232.900    232.342    34.9772    34.9772    27.7808    27.7806    1495.00    1495.00         58 0.0000e+00
      50965  72.087715   1714.000   1697.594     4.0112     4.0142   3.329272   3.329525     1.7865     2.0185    0.00044    0.00036     0.5437   102.4861    233.126    232.637    34.9767    34.9766    27.7811    27.7807    1494.98    1495.00         34 0.0000e+00
      50987  72.087723   1715.000   1698.586     4.0044     4.0047   3.328717   3.328757     1.7872     2.0183    0.00074    0.00057     0.5437   102.4906    233.317    232.705    34.9768    34.9771    27.7819    27.7821    1494.97    1494.97         20 0.0000e+00
      51005  72.087730   1716.000   1699.575     4.0041     4.0043   3.328716   3.328771     1.7872     2.0183    0.00082    0.00027     0.5437   102.4975    233.358    232.738    34.9767    34.9771    27.7819    27.7822    1494.99    1494.99         16 0.0000e+00
      51021  72.087738   1717.000   1700.571     3.9973     3.9977   3.328131   3.328163     1.7867     2.0183    0.00045    0.00029     0.5437   102.4974    233.330    232.811    34.9765    34.9765    27.7824    27.7824    1494.98    1494.98         17 0.0000e+00
      51039  72.087753   1718.000   1701.561     3.9913     3.9915   3.327627   3.327654     1.7865     2.0183    0.00009    0.00056     0.5437   102.4974    233.368    232.882    34.9764    34.9765    27.7830    27.7830    1494.97    1494.97         20 0.0000e+00
      51063  72.087761   1719.000   1702.543     3.9861     3.9864   3.327190   3.327229     1.7874     2.0191 9.0506e-07    0.00020     0.5437   102.4974    233.589    233.063    34.9762    34.9764    27.7834    27.7835    1494.96    1494.96         27 0.0000e+00
      51093  72.087776   1720.000   1703.528     3.9855     3.9856   3.327169   3.327210     1.7875     2.0196    0.00021   -0.00044     0.5437   102.4927    233.654    233.177    34.9762    34.9765    27.7834    27.7836    1494.98    1494.98         34 0.0000e+00
      51130  72.087791   1721.000   1704.510     3.9850     3.9852   3.327160   3.327206     1.7875     2.0200    0.00046    0.00050     0.5437   102.4939    233.687    233.275    34.9761    34.9764    27.7834    27.7836    1494.99    1494.99         39 0.0000e+00
      51164  72.087814   1722.000   1705.492     3.9846     3.9848   3.327176   3.327215     1.7875     2.0207    0.00016    0.00018     0.5437   102.4832    233.719    233.426    34.9762    34.9765    27.7836    27.7837    1495.01    1495.01         28 0.0000e+00
      51188  72.087822   1723.000   1706.476     3.9844     3.9846   3.327201   3.327247     1.7875     2.0208    0.00031    0.00002     0.5437   102.4975    233.752    233.461    34.9762    34.9765    27.7835    27.7838    1495.02    1495.02         20 0.0000e+00
      51206  72.087830   1724.000   1707.471     3.9842     3.9844   3.327227   3.327262     1.7875     2.0208    0.00052    0.00010     0.5437   102.4974    233.784    233.493    34.9763    34.9765    27.7837    27.7838    1495.04    1495.04         18 0.0000e+00
      51226  72.087837   1725.000   1708.464     3.9832     3.9834   3.327174   3.327223     1.7875     2.0208    0.00037    0.00024     0.5437   102.4974    233.820    233.527    34.9762    34.9766    27.7837    27.7840    1495.05    1495.05         21 0.0000e+00
      51251  72.087852   1726.000   1709.452     3.9819     3.9821   3.327106   3.327152     1.7875     2.0201    0.00013   -0.00008     0.5437   102.4974    233.858    233.473    34.9762    34.9766    27.7839    27.7841    1495.06    1495.06         31 0.0000e+00
      51286  72.087868   1727.000   1710.426     3.9814     3.9816   3.327087   3.327132     1.7875     2.0195   -0.00018   -0.00010     0.5426   102.4974    233.893    233.409    34.9761    34.9765    27.7838    27.7841    1495.08    1495.08         34 0.0000e+00
      51315  72.087883   1728.000   1711.412     3.9786     3.9789   3.326873   3.326926     1.7875     2.0195   -0.00045   -0.00001     0.5362   102.4974    233.941    233.459    34.9761    34.9763    27.7841    27.7843    1495.08    1495.08         25 0.0000e+00
      51337  72.087891   1729.000   1712.403     3.9701     3.9706   3.326145   3.326188     1.7875     2.0195   -0.00023    0.00010     0.5367   102.4974    234.026    233.544    34.9759    34.9759    27.7848    27.7848    1495.06    1495.06         22 0.0000e+00
      51360  72.087906   1730.000   1713.392     3.9661     3.9662   3.325814   3.325865     1.7875     2.0197   -0.00024   -0.00008     0.5348   102.4974    234.083    233.628    34.9758    34.9763    27.7852    27.7855    1495.06    1495.06         24 0.0000e+00
      51387  72.087914   1731.000   1714.375     3.9658     3.9660   3.325833   3.325872     1.7875     2.0204   -0.00002   -0.00004     0.5404   102.4974    234.116    233.772    34.9758    34.9761    27.7852    27.7854    1495.08    1495.08         29 0.0000e+00
      51416  72.087929   1732.000   1715.363     3.9659     3.9660   3.325879   3.325920     1.7875     2.0207    0.00017   -0.00013     0.5437   102.4974    234.144    233.844    34.9758    34.9762    27.7852    27.7855    1495.09    1495.10         29 0.0000e+00
      51444  72.087944   1733.000   1716.346     3.9660     3.9661   3.325929   3.325972     1.7875     2.0208    0.00055    0.00002     0.5437   102.4974    234.174    233.887    34.9758    34.9762    27.7852    27.7855    1495.11    1495.11         26 0.0000e+00
      51468  72.087959   1734.000   1717.332     3.9639     3.9642   3.325788   3.325828     1.7872     2.0208    0.00031    0.00015     0.5437   102.4974    234.156    233.929    34.9758    34.9760    27.7854    27.7856    1495.12    1495.12         22 0.0000e+00
      51490  72.087967   1735.000   1718.324     3.9612     3.9614   3.325576   3.325614     1.7871     2.0208    0.00008    0.00003     0.5437   102.4974    234.182    233.977    34.9757    34.9759    27.7857    27.7858    1495.13    1495.13         24 0.0000e+00
      51516  72.087982   1736.000   1719.310     3.9602     3.9605   3.325526   3.325578     1.7870     2.0208    0.00004   -0.00018     0.5437   102.4974    234.207    234.015    34.9757    34.9761    27.7857    27.7860    1495.14    1495.14         28 0.0000e+00
      51546  72.087997   1737.000   1720.290     3.9601     3.9602   3.325550   3.325610     1.7873     2.0208   -0.00004   -0.00023     0.5437   102.4974    234.297    234.046    34.9757    34.9762    27.7857    27.7861    1495.15    1495.16         29 0.0000e+00
      51572  72.088005   1738.000   1721.278     3.9600     3.9601   3.325583   3.325633     1.7872     2.0208   -0.00005   -0.00002     0.5437   102.4974    234.309    234.077    34.9757    34.9761    27.7857    27.7861    1495.17    1495.17         24 0.0000e+00
      51595  72.088020   1739.000   1722.271     3.9587     3.9590   3.325505   3.325561     1.7870     2.0208   -0.00004    0.00019     0.5437   102.4962    234.312    234.116    34.9756    34.9760    27.7859    27.7861    1495.18    1495.18         24 0.0000e+00
      51628  72.088036   1740.000   1723.257     3.9551     3.9555   3.325226   3.325282     1.7871     2.0208   -0.00000   -0.00003     0.5437   102.4891    234.380    234.169    34.9756    34.9759    27.7862    27.7864    1495.18    1495.19         47 0.0000e+00
      51674  72.088058   1741.000   1724.226     3.9526     3.9530   3.325035   3.325094     1.7875     2.0207    0.00008   -0.00018     0.5437   102.4865    234.504    234.202    34.9755    34.9758    27.7864    27.7866    1495.19    1495.19         31 0.0000e+00
      51696  72.088066   1742.000   1725.216     3.9517     3.9519   3.325000   3.325051     1.7874     2.0205   -0.00003    0.00024     0.5437   102.4842    234.516    234.212    34.9756    34.9760    27.7866    27.7868    1495.20    1495.20         19 0.0000e+00
      51713  72.088074   1743.000   1726.206     3.9514     3.9517   3.325016   3.325061     1.7873     2.0198 5.1029e-07    0.00037     0.5437   102.4870    234.530    234.129    34.9756    34.9759    27.7866    27.7868    1495.22    1495.22         16 0.0000e+00
      51728  72.088081   1744.000   1727.196     3.9503     3.9506   3.324950   3.325002     1.7867     2.0195   -0.00004    0.00021     0.5437   102.4954    234.449    234.132    34.9755    34.9758    27.7866    27.7869    1495.23    1495.23         15 0.0000e+00
      51743  72.088089   1745.000   1728.190     3.9484     3.9486   3.324821   3.324864     1.7865     2.0195   -0.00004    0.00001     0.5437   102.4830    234.461    234.163    34.9755    34.9758    27.7869    27.7871    1495.24    1495.24         15 0.0000e+00
      51759  72.088097   1746.000   1729.180     3.9441     3.9444   3.324477   3.324515     1.7863     2.0188   -0.00040   -0.00012     0.5437   102.4835    234.489    234.120    34.9755    34.9756    27.7873    27.7874    1495.24    1495.24         18 0.0000e+00
      51782  72.088112   1747.000   1730.168     3.9393     3.9396   3.324088   3.324138     1.7863     2.0186   -0.00056   -0.00040     0.5437   102.4708    234.549    234.148    34.9755    34.9758    27.7878    27.7880    1495.23    1495.24         32 0.0000e+00
      51829  72.088127   1748.000   1731.142     3.9368     3.9379   3.323911   3.324012     1.7864     2.0194   -0.00042   -0.00023     0.5437   102.4878    234.604    234.309    34.9755    34.9756    27.7881    27.7881    1495.24    1495.25         55 0.0000e+00
      51875  72.088150   1749.000   1732.123     3.9320     3.9323   3.323488   3.323540     1.7871     2.0195    0.00048    0.00019     0.5437   102.4962    234.804    234.405    34.9751    34.9755    27.7883    27.7885    1495.24    1495.24         35 0.0000e+00
      51902  72.088165   1750.000   1733.109     3.9306     3.9309   3.323411   3.323457     1.7872     2.0195    0.00024    0.00031     0.5437   102.4974    234.849    234.444    34.9752    34.9755    27.7885    27.7887    1495.25    1495.25         22 0.0000e+00
      51922  72.088173   1751.000   1734.098     3.9302     3.9304   3.323405   3.323458     1.7871     2.0195    0.00006    0.00026     0.5437   102.4711    234.871    234.478    34.9751    34.9755    27.7884    27.7888    1495.26    1495.26         19 0.0000e+00
      51940  72.088181   1752.000   1735.090     3.9291     3.9294   3.323353   3.323395     1.7868     2.0195    0.00006    0.00015     0.5437   102.4938    234.856    234.515    34.9751    34.9754    27.7886    27.7888    1495.28    1495.28         18 0.0000e+00
