fileExtractor/test/CTD/dfr26001.cnv
* Sea-Bird SBE 9 Data File:
* FileName = C:\SEASOFT\PIRATA-FR26\data\fr26001.hex
* Software Version Seasave V 7.23.2
* Temperature SN = 6083
* Conductivity SN = 4509
* Number of Bytes Per Scan = 34
* Number of Voltage Words = 3
* Number of Scans Averaged by the Deck Unit = 1
* NMEA Latitude = 11 27.90 N
* NMEA Longitude = 023 00.01 W
* NMEA UTC (Time) = Mar 09 2016  17:28:55
** Cruise: PIRATA-FR26
** Ship: THALASSA
** Station: 1
** Bottom Depth: 5116
** Pressure frequency switch pos 2:
** Operator: PR-YG-JG
** Comments:
# nquan = 24
# nvalues = 2022                        
# units = specified
# name 0 = scan: Scan Count
# name 1 = timeJ: Julian Days
# name 2 = prDM: Pressure, Digiquartz [db]
# name 3 = depSM: Depth [salt water, m]
# name 4 = t090C: Temperature [ITS-90, deg C]
# name 5 = t190C: Temperature, 2 [ITS-90, deg C]
# name 6 = c0S/m: Conductivity [S/m]
# name 7 = c1S/m: Conductivity, 2 [S/m]
# name 8 = sbeox0V: Oxygen raw, SBE 43 [V]
# name 9 = sbeox1V: Oxygen raw, SBE 43, 2 [V]
# name 10 = sbeox1dOV/dT: Oxygen, SBE 43, 2 [dov/dt]
# name 11 = sbeox0dOV/dT: Oxygen, SBE 43 [dov/dt]
# name 12 = flECO-AFL: Fluorescence, WET Labs ECO-AFL/FL [mg/m^3]
# name 13 = CStarTr0: Beam Transmission, WET Labs C-Star [%]
# name 14 = sbeox0Mm/Kg: Oxygen, SBE 43 [umol/kg], WS = 2
# name 15 = sbeox1Mm/Kg: Oxygen, SBE 43, 2 [umol/kg], WS = 2
# name 16 = sal00: Salinity, Practical [PSU]
# name 17 = sal11: Salinity, Practical, 2 [PSU]
# name 18 = sigma-é00: Density [sigma-theta, kg/m^3]
# name 19 = sigma-é11: Density, 2 [sigma-theta, kg/m^3]
# name 20 = svCM: Sound Velocity [Chen-Millero, m/s]
# name 21 = svCM1: Sound Velocity, 2 [Chen-Millero, m/s]
# name 22 = nbin: number of scans per bin
# name 23 = flag: flag
# span 0 =       -120,      55327       
# span 1 =  69.728357,  69.755094       
# span 2 =      2.000,   2023.000       
# span 3 =      1.988,   2001.806       
# span 4 =     3.5041,    24.7310       
# span 5 =     3.5043,    24.7305       
# span 6 =   3.295414,   5.383031       
# span 7 =   3.295439,   5.383042       
# span 8 =     0.7870,     2.6805       
# span 9 =     0.8637,     3.0820       
# span 10 =   -0.11891,    0.01238      
# span 11 =   -0.10616,    0.01256      
# span 12 =     0.5175,     2.4359      
# span 13 =    98.9169,   102.6414      
# span 14 =     37.895,    223.784      
# span 15 =     38.049,    223.785      
# span 16 =    34.8049,    35.8078      
# span 17 =    34.8054,    35.8014      
# span 18 =    24.0075,    27.8240      
# span 19 =    24.0081,    27.8241      
# span 20 =    1489.18,    1534.92      
# span 21 =    1489.18,    1534.92      
# span 22 =         11,        127      
# span 23 = 0.0000e+00, 0.0000e+00      
# interval = decibars: 1                
# start_time = Mar 09 2016 17:28:55 [System UTC, header]
# bad_flag = -9.990e-29
*END*
[from data line 1812]
      48845  69.751968   1814.000   1795.850     3.7493     3.7494   3.309288   3.309313     1.6822     1.8992    0.00071    0.00065     0.5355   102.6342    218.594    218.434    34.9688    34.9690    27.8021    27.8022    1495.55    1495.55         15 0.0000e+00
      48858  69.751976   1815.000   1796.837     3.7473     3.7474   3.309131   3.309167     1.6825     1.8994    0.00081    0.00071     0.5342   102.6295    218.693    218.516    34.9687    34.9689    27.8022    27.8024    1495.56    1495.56         13 0.0000e+00
      48871  69.751984   1816.000   1797.837     3.7463     3.7465   3.309103   3.309136     1.6825     1.8991    0.00054    0.00066     0.5366   102.6295    218.728    218.504    34.9688    34.9690    27.8024    27.8026    1495.57    1495.57         13 0.0000e+00
      48884  69.751991   1817.000   1798.826     3.7455     3.7457   3.309060   3.309104     1.6825     1.8989    0.00023    0.00043     0.5393   102.6319    218.759    218.505    34.9687    34.9691    27.8024    27.8027    1495.59    1495.59         14 0.0000e+00
      48900  69.751999   1818.000   1799.818     3.7431     3.7432   3.308885   3.308908     1.6825     1.8995    0.00029    0.00049     0.5373   102.6324    218.802    218.647    34.9687    34.9689    27.8026    27.8028    1495.59    1495.59         19 0.0000e+00
      48933  69.752014   1819.000   1800.795     3.7437     3.7414   3.308967   3.308769     1.6828     1.9002    0.00009    0.00018     0.5393   102.6355    218.885    218.786    34.9686    34.9686    27.8025    27.8028    1495.61    1495.60         52 0.0000e+00
      48986  69.752037   1820.000   1801.766     3.7417     3.7408   3.308805   3.308753     1.6842     1.9012    0.00054    0.00034     0.5513   102.6359    219.172    218.985    34.9683    34.9686    27.8025    27.8028    1495.62    1495.62         37 0.0000e+00
      49012  69.752052   1821.000   1802.753     3.7377     3.7378   3.308517   3.308545     1.6844     1.9011    0.00046    0.00066     0.5434   102.6359    219.257    219.015    34.9686    34.9689    27.8031    27.8034    1495.62    1495.62         23 0.0000e+00
      49033  69.752060   1822.000   1803.738     3.7375     3.7376   3.308560   3.308596     1.6846     1.9011    0.00049    0.00060     0.5437   102.6359    219.332    219.042    34.9688    34.9691    27.8033    27.8036    1495.64    1495.64         19 0.0000e+00
      49050  69.752068   1823.000   1804.725     3.7375     3.7377   3.308618   3.308645     1.6848     1.9011    0.00024    0.00020     0.5437   102.6359    219.403    219.072    34.9691    34.9692    27.8036    27.8036    1495.65    1495.66         16 0.0000e+00
      49066  69.752075   1824.000   1805.717     3.7371     3.7373   3.308614   3.308666     1.6850     1.9013    0.00016    0.00007     0.5437   102.6359    219.462    219.127    34.9689    34.9693    27.8035    27.8038    1495.67    1495.67         16 0.0000e+00
      49081  69.752083   1825.000   1806.710     3.7368     3.7369   3.308634   3.308676     1.6850     1.9014    0.00005    0.00033     0.5437   102.6359    219.494    219.182    34.9690    34.9694    27.8036    27.8039    1495.69    1495.69         16 0.0000e+00
      49100  69.752090   1826.000   1807.702     3.7353     3.7354   3.308555   3.308579     1.6850     1.9013    0.00006    0.00035     0.5528   102.6359    219.532    219.199    34.9692    34.9694    27.8039    27.8040    1495.70    1495.70         22 0.0000e+00
      49137  69.752113   1827.000   1808.677     3.7344     3.7337   3.308504   3.308471     1.6850     1.9019    0.00007   -0.00001     0.5504   102.6359    219.564    219.337    34.9690    34.9693    27.8038    27.8042    1495.71    1495.71         56 0.0000e+00
      49187  69.752136   1828.000   1809.651     3.7327     3.7328   3.308383   3.308419     1.6856     1.9027    0.00029    0.00013     0.5332   102.6359    219.721    219.508    34.9689    34.9692    27.8040    27.8042    1495.72    1495.72         33 0.0000e+00
      49211  69.752144   1829.000   1810.628     3.7326     3.7326   3.308434   3.308454     1.6860     1.9028    0.00043    0.00021     0.5439   102.6359    219.824    219.552    34.9692    34.9694    27.8042    27.8043    1495.73    1495.73         19 0.0000e+00
      49226  69.752151   1830.000   1811.618     3.7328     3.7329   3.308487   3.308518     1.6860     1.9027    0.00053    0.00027     0.5437   102.6359    219.852    219.552    34.9691    34.9693    27.8041    27.8043    1495.75    1495.75         14 0.0000e+00
      49239  69.752159   1831.000   1812.614     3.7325     3.7325   3.308488   3.308524     1.6856     1.9026    0.00043    0.00044     0.5437   102.6359    219.805    219.576    34.9690    34.9694    27.8040    27.8044    1495.77    1495.77         12 0.0000e+00
      49251  69.752167   1832.000   1813.605     3.7323     3.7324   3.308515   3.308543     1.6850     1.9020    0.00031    0.00051     0.5437   102.6359    219.723    219.511    34.9690    34.9692    27.8041    27.8042    1495.78    1495.78         12 0.0000e+00
      49264  69.752174   1833.000   1814.606     3.7308     3.7309   3.308416   3.308454     1.6850     1.9021    0.00017    0.00040     0.5437   102.6359    219.756    219.564    34.9689    34.9693    27.8042    27.8045    1495.79    1495.79         13 0.0000e+00
      49284  69.752182   1834.000   1815.595     3.7302     3.7300   3.308395   3.308414     1.6850     1.9019   -0.00013    0.00003     0.5437   102.6359    219.789    219.555    34.9688    34.9692    27.8042    27.8045    1495.81    1495.81         34 0.0000e+00
      49363  69.752220   1835.000   1816.544     3.7327     3.7326   3.308669   3.308694     1.6850     1.9018   -0.00011   -0.00011     0.5382   102.6061    219.801    219.563    34.9689    34.9693    27.8040    27.8043    1495.84    1495.84         30 0.0000e+00
      49383  69.752228   1836.000   1817.539     3.7298     3.7300   3.308449   3.308505     1.6850     1.9013    0.00007    0.00008     0.5360   102.6082    219.849    219.528    34.9689    34.9694    27.8043    27.8047    1495.84    1495.84         20 0.0000e+00
      49401  69.752235   1837.000   1818.527     3.7285     3.7287   3.308397   3.308419     1.6850     1.9015   -0.00004    0.00005     0.5418   102.6082    219.882    219.585    34.9691    34.9693    27.8046    27.8047    1495.85    1495.85         17 0.0000e+00
      49418  69.752243   1838.000   1819.514     3.7260     3.7262   3.308200   3.308228     1.6850     1.9011   -0.00009    0.00004     0.5437   102.6225    219.927    219.569    34.9690    34.9691    27.8047    27.8048    1495.86    1495.86         16 0.0000e+00
      49434  69.752251   1839.000   1820.508     3.7238     3.7239   3.308044   3.308077     1.6850     1.9010   -0.00030    0.00001     0.5437   102.6229    219.971    219.602    34.9690    34.9692    27.8050    27.8052    1495.87    1495.87         17 0.0000e+00
      49451  69.752258   1840.000   1821.496     3.7231     3.7232   3.308023   3.308043     1.6850     1.9008   -0.00021   -0.00014     0.5437   102.6312    220.003    219.607    34.9690    34.9691    27.8051    27.8052    1495.88    1495.88         19 0.0000e+00
      49475  69.752274   1841.000   1822.481     3.7222     3.7223   3.307975   3.308006     1.6850     1.9010   -0.00021   -0.00009     0.5437   102.6296    220.037    219.673    34.9689    34.9692    27.8051    27.8053    1495.89    1495.89         30 0.0000e+00
      49510  69.752289   1842.000   1823.455     3.7218     3.7219   3.307968   3.308010     1.6850     1.9016   -0.00024    0.00011     0.5589   102.6361    220.068    219.790    34.9687    34.9692    27.8050    27.8054    1495.91    1495.91         34 0.0000e+00
      49537  69.752304   1843.000   1824.441     3.7217     3.7217   3.308003   3.308049     1.6850     1.9017    0.00027    0.00003     0.5529   102.6359    220.098    219.844    34.9688    34.9693    27.8051    27.8055    1495.92    1495.92         23 0.0000e+00
      49561  69.752312   1844.000   1825.435     3.7216     3.7217   3.308031   3.308090     1.6850     1.9016    0.00044   -0.00002     0.5582   102.6359    220.127    219.857    34.9688    34.9694    27.8051    27.8056    1495.94    1495.94         25 0.0000e+00
      49590  69.752327   1845.000   1826.419     3.7210     3.7211   3.308030   3.308074     1.6850     1.9018    0.00012   -0.00000     0.5432   102.6359    220.159    219.908    34.9689    34.9693    27.8053    27.8056    1495.95    1495.95         35 0.0000e+00
      49624  69.752342   1846.000   1827.392     3.7205     3.7205   3.308038   3.308063     1.6850     1.9018   -0.00008 -5.285e-07     0.5391   102.6359    220.191    219.947    34.9691    34.9694    27.8055    27.8057    1495.97    1495.97         28 0.0000e+00
      49645  69.752357   1847.000   1828.378     3.7199     3.7199   3.308020   3.308065     1.6850     1.9021    0.00001    0.00005     0.5382   102.6359    220.224    220.029    34.9690    34.9695    27.8054    27.8059    1495.98    1495.98         17 0.0000e+00
      49662  69.752365   1848.000   1829.370     3.7193     3.7196   3.308022   3.308062     1.6850     1.9017    0.00027    0.00001     0.5630   102.6359    220.256    219.995    34.9692    34.9693    27.8057    27.8058    1496.00    1496.00         16 0.0000e+00
      49677  69.752373   1849.000   1830.364     3.7160     3.7161   3.307772   3.307776     1.6850     1.9019    0.00006    0.00003     0.5495   102.6359    220.304    220.070    34.9692    34.9692    27.8060    27.8060    1496.00    1496.00         16 0.0000e+00
      49698  69.752380   1850.000   1831.361     3.7131     3.7132   3.307532   3.307559     1.6850     1.9019    0.00006   -0.00000     0.5362   102.6359    220.350    220.127    34.9690    34.9692    27.8061    27.8063    1496.00    1496.01         28 0.0000e+00
      49748  69.752403   1851.000   1832.323     3.7136     3.7127   3.307604   3.307547     1.6850     1.9020   -0.00001   -0.00009     0.5380   102.6359    220.377    220.166    34.9688    34.9690    27.8060    27.8062    1496.02    1496.02         55 0.0000e+00
      49780  69.752419   1852.000   1833.309     3.7089     3.7090   3.307222   3.307254     1.6850     1.9020    0.00002    0.00008     0.5409   102.6359    220.434    220.221    34.9688    34.9690    27.8064    27.8066    1496.02    1496.02         22 0.0000e+00
      49800  69.752434   1853.000   1834.295     3.7086     3.7087   3.307248   3.307271     1.6850     1.9019    0.00000    0.00006     0.5630   102.6359    220.463    220.243    34.9689    34.9691    27.8065    27.8067    1496.04    1496.04         19 0.0000e+00
      49817  69.752441   1854.000   1835.280     3.7081     3.7082   3.307233   3.307251     1.6850     1.9018    0.00008    0.00006     0.5477   102.6359    220.497    220.251    34.9688    34.9689    27.8065    27.8066    1496.05    1496.05         16 0.0000e+00
      49833  69.752449   1855.000   1836.269     3.7075     3.7076   3.307203   3.307244     1.6850     1.9016    0.00004 7.8496e-07     0.5417   102.6359    220.528    220.252    34.9686    34.9689    27.8064    27.8067    1496.06    1496.07         15 0.0000e+00
      49848  69.752457   1856.000   1837.266     3.7071     3.7072   3.307224   3.307258     1.6848     1.9015   -0.00006   -0.00007     0.5376   102.6359    220.531    220.269    34.9687    34.9690    27.8066    27.8068    1496.08    1496.08         15 0.0000e+00
      49866  69.752464   1857.000   1838.259     3.7056     3.7056   3.307124   3.307157     1.6839     1.9008   -0.00010   -0.00011     0.5569   102.6359    220.396    220.202    34.9687    34.9690    27.8067    27.8070    1496.09    1496.09         22 0.0000e+00
      49897  69.752480   1858.000   1839.229     3.7019     3.7019   3.306828   3.306840     1.6839     1.9008   -0.00029   -0.00031     0.5585   102.6352    220.444    220.249    34.9686    34.9687    27.8070    27.8071    1496.09    1496.09         39 0.0000e+00
      49930  69.752495   1859.000   1840.210     3.7003     3.7003   3.306721   3.306753     1.6845     1.9005   -0.00045   -0.00044     0.5395   102.6359    220.599    220.238    34.9686    34.9689    27.8072    27.8074    1496.10    1496.10         25 0.0000e+00
      49955  69.752502   1860.000   1841.205     3.6997     3.6997   3.306712   3.306746     1.6841     1.9005   -0.00015   -0.00002     0.5525   102.6339    220.560    220.271    34.9686    34.9689    27.8073    27.8075    1496.12    1496.12         27 0.0000e+00
      49985  69.752518   1861.000   1842.186     3.6994     3.6994   3.306731   3.306753     1.6842     1.9006   -0.00015    0.00031     0.5464   102.6227    220.601    220.323    34.9687    34.9689    27.8073    27.8075    1496.13    1496.13         32 0.0000e+00
      50015  69.752533   1862.000   1843.167     3.6979     3.6979   3.306647   3.306659     1.6841     1.9004   -0.00001   -0.00004     0.5564   102.6363    220.618    220.324    34.9687    34.9688    27.8075    27.8076    1496.14    1496.14         27 0.0000e+00
      50040  69.752548   1863.000   1844.156     3.6918     3.6919   3.306117   3.306122     1.6840     1.9005    0.00001   -0.00008     0.5398   102.6359    220.671    220.407    34.9684    34.9684    27.8079    27.8079    1496.13    1496.13         25 0.0000e+00
      50064  69.752556   1864.000   1845.144     3.6893     3.6895   3.305930   3.305948     1.6845     1.9009    0.00008   -0.00006     0.5386   102.6359    220.802    220.512    34.9683    34.9684    27.8081    27.8081    1496.14    1496.14         24 0.0000e+00
      50090  69.752571   1865.000   1846.129     3.6880     3.6881   3.305847   3.305873     1.6845     1.9011   -0.00025   -0.00010     0.5335   102.6359    220.850    220.574    34.9683    34.9685    27.8082    27.8084    1496.15    1496.15         27 0.0000e+00
      50117  69.752579   1866.000   1847.113     3.6866     3.6867   3.305762   3.305784     1.6844     1.9015    0.00044    0.00021     0.5391   102.6359    220.871    220.691    34.9682    34.9684    27.8083    27.8084    1496.16    1496.16         27 0.0000e+00
      50143  69.752594   1867.000   1848.097     3.6849     3.6850   3.305639   3.305671     1.6843     1.9017    0.00017    0.00029     0.5573   102.6359    220.892    220.761    34.9681    34.9684    27.8083    27.8086    1496.17    1496.17         25 0.0000e+00
      50168  69.752609   1868.000   1849.082     3.6834     3.6835   3.305535   3.305557     1.6844     1.9015    0.00034   -0.00006     0.5420   102.6359    220.941    220.765    34.9680    34.9681    27.8085    27.8085    1496.18    1496.18         23 0.0000e+00
      50189  69.752617   1869.000   1850.065     3.6826     3.6827   3.305505   3.305534     1.6841     1.9016    0.00031   -0.00002     0.5374   102.6359    220.922    220.810    34.9680    34.9683    27.8085    27.8087    1496.19    1496.19         20 0.0000e+00
      50208  69.752625   1870.000   1851.055     3.6820     3.6820   3.305494   3.305497     1.6838     1.9014    0.00010   -0.00008     0.5389   102.6359    220.898    220.805    34.9680    34.9680    27.8086    27.8086    1496.21    1496.21         19 0.0000e+00
      50227  69.752640   1871.000   1852.041     3.6788     3.6788   3.305214   3.305230     1.6838     1.9010   -0.00011   -0.00015     0.5404   102.6359    220.936    220.793    34.9676    34.9678    27.8086    27.8088    1496.21    1496.21         19 0.0000e+00
      50246  69.752647   1872.000   1853.037     3.6751     3.6751   3.304916   3.304929     1.6836     1.9010   -0.00012   -0.00017     0.5337   102.6359    220.967    220.843    34.9675    34.9676    27.8089    27.8090    1496.21    1496.21         21 0.0000e+00
